14.1325 14.4844 15.4692 17.6579 15.1214 17.823 15.7899 13.9928 14.6166 12.6812 15.2699 12.4884 14.2594 15.9394 13.5871 18.8446 13.2541 12.7708 19.66 13.8069 17.064 15.8014 12.565 16.3802 15.0977 14.0824 19.7807 15.6819 16.4748 13.8733 13.5915 15.5503 18.8001 12.8987 14.0839 13.506 15.0417 12.8286 14.9743 15.1711 15.418 17.4567 17.5425 14.4377 17.4702 15.2175 16.0601 15.3349 15.0328 14.5091 15.665 12.0772 16.7127 15.4375 15.5271 16.3357 16.4373 14.4686
13.896 14.7421 14.9307 18.0023 15.0101 18.0493 16.0785 13.5747 14.33 12.4577 15.1209 12.2334 13.9991 15.4892 13.7584 19.1317 13.1665 12.9663 18.9574 13.8836 17.2798 15.6809 12.9925 15.8864 14.9945 14.2981 19.4595 15.6215 16.0347 13.5902 13.4889 14.8515 17.4955 14.2111 13.8522 13.112 14.48 12.7623 15.0042 14.9591 15.4303 17.423 17.3118 14.206 17.6184 15.3102 15.8618 15.085 14.7868 14.4882 15.7488 13.0679 16.5853 15.2347 15.134 16.2734 17.2328 16.2354
14.029 7.63409 7.22924 9.23071 15.1176 17.9291 8.30713 13.2377 14.6139 11.9761 15.1576 12.6062 13.9386 15.8674 14.698 20.3887 14.7891 13.7388 18.9838 14.7832 9.01653 8.36517 6.7252 7.71345 8.50551 8.52572 9.69544 8.01396 8.23843 7.26929 7.06209 7.2748 7.78508 14.3942 6.84827 6.76231 7.00073 6.97539 7.73475 15.4199 15.3762 8.96951 8.66495 14.1132 9.12638 8.58046 16.0959 7.54115 8.35011 7.97612 19.7028 14.1517 9.01249 15.1951 16.9912 16.2399 9.44159 17.6914
0.0295082 7.51148 7.93279 9.68525 0 0.00163934 8.47377 0.00163934 0.0131148 0.00819672 0.0311475 0.00163934 0.0508197 0.0147541 0.0114754 0.0819672 0.00655738 0.0262295 0.0262295 0.0311475 8.92295 8.39672 6.49508 8.24098 8.35902 8.03607 10.1902 7.95082 8.67541 7.56557 7.14262 8.3541 9.6918 0 7.54262 6.81475 7.6377 6.78689 7.45246 0.0393443 0.0409836 9.05246 8.42295 0.0180328 8.79836 7.78852 0.0311475 8.05246 8.35082 7.69344 0.0131148 0.0327869 8.93115 0.0196721 0.047541 0.0459016 8.7541 0.0721311
14.774 14.9434 15.2491 17.9952 15.1596 17.9401 16.1621 13.8033 15.2314 13.0708 15.713 13.3322 14.8382 16.6212 15.1556 20.9151 15.7326 15.4145 20.3995 15.5434 18.232 17.0244 14.0075 16.2667 17.8983 17.0731 20.049 16.8671 17.1848 14.9342 14.7389 16.3302 18.4821 15.9977 14.8774 13.9633 15.2095 13.9453 16.7285 16.7393 17.0817 19.0997 18.4539 15.2846 19.16 17.3226 16.7437 15.8173 16.9233 16.9733 18.0075 14.8871 19.1334 15.3059 17.396 16.6723 18.9448 17.4089
15.3659 6.85098 8.21386 8.38459 14.6196 16.7918 7.43427 14.6651 16.152 13.4884 16.4774 14.2558 15.5122 17.5547 15.5869 21.2314 17.2677 16.1981 21.9792 16.1374 8.91612 9.13563 6.80577 8.53302 9.80161 9.46907 10.5211 8.895 9.14783 8.00565 7.71416 8.75848 9.63206 14.6484 8.00982 7.56544 7.98602 7.63296 8.72189 17.6841 17.5455 9.98662 9.7097 16.0291 9.87835 9.28019 17.3664 8.45717 9.337 9.58864 18.8382 13.8572 10.4375 16.0532 19.1838 17.0889 9.41047 16.3468
11.3629 12.8427 12.0171 14.7769 11.2825 14.1254 13.515 11.0952 11.8106 10.2768 12.8155 10.0126 11.6221 13.8877 12.8955 18.7465 11.0617 9.60444 14.764 12.8491 12.9738 12.8431 13.9007 12.7107 13.0927 12.4295 16.6192 14.4704 13.2693 11.7561 12.6668 9.22099 10.7719 14.2703 10.4979 9.21948 11.329 10.2935 12.0832 10.9987 12.8433 13.973 13.9786 10.8819 14.24 13.226 12.6038 12.0581 11.4091 10.9091 16.0732 16.0774 13.8888 13.909 11.2516 14.4297 18.1605 19.4901
14.4768 7.29033 7.83935 8.99656 15.1053 17.4145 8.11042 13.8954 14.7537 12.6402 15.5322 13.0691 14.5903 16.2865 14.4427 19.9518 14.9979 14.0286 20.3017 14.7454 9.03715 8.23633 6.45064 8.13725 8.6935 8.10595 10.109 8.14517 8.5043 7.44548 7.17888 8.06398 9.21087 13.8789 7.15101 6.80014 7.61816 6.78707 7.73237 15.9563 15.7276 9.01273 8.84761 14.7547 8.9085 8.14551 16.3072 7.97076 8.31097 8.29721 17.4286 12.7795 9.30306 15.6484 17.4768 16.4224 8.91675 15.3801
14.5061 14.4727 15.3182 17.6348 14.988 17.6126 15.7644 13.7488 15.0618 12.7259 15.6577 13.1489 14.5822 16.4063 14.6784 20.2607 15.0722 15.0167 20.2249 14.9563 17.92 16.8513 13.5187 16.0921 17.4036 16.713 19.8892 16.486 16.887 14.6009 14.3878 15.8259 18.0005 14.6336 14.5515 14.0708 14.949 13.7588 16.2525 16.3722 16.5428 18.5537 18.1422 14.9665 18.8226 16.736 16.5964 15.5377 16.5382 16.606 17.4531 13.7459 18.6698 15.3497 17.0383 16.6344 18.2773 16.8709
13.4399 7.61872 7.53212 9.09916 15.4874 17.683 8.09777 13.4777 14.2807 12.3101 14.9148 12.2975 13.8659 15.4455 13.2318 18.5684 13.3645 12.7249 19.3715 14.2067 8.57123 7.89525 5.22067 8.22905 7.76257 7.18017 9.64944 7.17458 8.26955 7.24441 6.72626 7.83659 9.2095 10.1089 6.89804 6.48045 7.36173 6.3757 7.10196 14.7207 14.8045 8.51397 8.50559 14.0293 8.11173 7.40223 16.1285 7.48603 7.69832 7.36872 16.162 9.56145 8.62989 15.4707 16.2919 16.3911 7.41201 12.764
13.7262 8.03556 9.6854 9.2954 19.619 19.1733 8.34542 17.1415 20.4403 17.0413 17.3046 15.6342 16.2734 23.0197 20.0884 26.5479 20.2025 16.4853 33.3907 18.1773 11.1913 13.3407 9.69678 8.88525 10.5356 9.33381 10.7771 8.62115 10.6306 9.13798 10.8679 7.80228 9.53959 15.3665 11.8412 7.31816 10.6313 7.28521 8.26031 16.1337 19.4175 9.67307 14.4917 20.0166 12.0194 8.56283 17.7734 7.84045 8.2257 7.96681 17.8281 12.6527 9.38525 19.1773 17.2297 17.8535 9.57539 15.6008
13.5527 14.5061 15.0856 17.344 14.8829 17.811 15.7333 13.6976 13.8405 12.3401 14.7329 11.6743 13.5905 15.068 12.8394 17.7587 11.722 10.8364 18.3729 12.938 16.1016 14.6821 12.5543 16.0449 13.2087 12.2928 19.2182 15.0244 15.6191 12.7124 12.9271 14.4987 18.2823 13.1232 13.0642 12.6009 14.3604 11.8787 14.0221 13.7907 14.5237 16.1551 16.5588 13.4987 16.0777 13.772 15.271 14.8405 13.4194 12.7817 14.164 12.0215 14.9574 15.2117 13.6799 15.976 15.6986 14.7353
0.0637255 14.7083 14.5686 18.3995 0 0 16.027 0 0.0367647 0.0147059 0.0539216 0.00735294 0.0686275 0.0343137 0.0392157 0.120098 0.00245098 0.0588235 0.00490196 0.120098 20.4191 17.3186 9.10784 14.9657 17.8407 16.7721 18.6005 14.4632 16.7108 14.5221 13.4314 15.1814 15.7132 0.0147059 11.875 11.6936 12.8358 12.3358 12.8162 0.0367647 0.10049 15.1348 14.9485 0.0637255 14.7647 14.9657 0.00735294 13.3039 16.4755 14.9118 0.0171569 0.0637255 17.4314 0.10049 0.0588235 0.0490196 13.7696 0.107843
12.7302 6.28571 6.77778 13.6984 11.1111 14.627 5.92857 12.4444 12.5873 10.3889 13.5159 11.246 12.6984 12.5635 12 18.1111 12.0952 11.4206 17.4444 12.3571 8.46825 7.65873 6.46032 6.92063 7.80159 6.89683 8.22222 7.64286 7.38889 6.72222 6.46825 6.89683 7.37302 12.0317 6.94444 6.55556 7.96032 7.34921 7.96825 17.8016 17.8968 9.76984 8.87302 15.4048 10.3254 8.49206 16.373 6.74603 7.12698 8.03175 13.4127 11.3492 8.16667 14.2698 15.2302 14.1429 7.71429 14.0952
9.04478 9.66791 8.39925 10.7313 11.0336 13.5896 10.8172 9.26866 9.69776 8.5709 10.6493 8.48881 10.1642 10.5373 9.68284 13.8619 8.89552 7.22015 12.3657 10.0448 9.94403 8.35821 6.8097 9.47015 7.86194 7 10.6231 8.3806 9.50746 7.06716 6.94403 7.66791 10.5858 10.9366 7.19776 6.15672 7.97388 6.29104 9.42164 8.66045 11.5 8.02239 9.99254 9.29104 9.32836 7.52612 10.7799 8.05597 8.10448 7.44403 11.1119 9.45149 8.93657 11.056 9.5709 11.9142 9.44776 12.2612
14.7816 14.4592 15.6439 17.6342 15.0988 17.7222 15.7279 14.001 15.3696 12.9754 15.9079 13.4541 14.8997 16.6923 14.8318 20.5104 15.7173 15.6824 20.8107 15.1563 18.1508 17.2279 13.2852 16.4748 17.8971 17.2068 20.2618 16.6365 17.3918 14.9348 14.4672 16.6273 18.7435 14.153 15.0153 14.4773 15.375 13.9282 16.5215 16.8641 16.6552 19.0678 18.4536 15.3846 18.8795 16.9301 16.8459 15.8637 17.1421 17.1253 18.0003 13.1811 19.2463 15.5207 17.6941 16.7641 18.217 16.4482
12.9682 14.8308 13.3467 17.9556 14.0226 17.1841 16.2939 12.138 13.3241 11.3464 14.2688 11.5516 12.993 15.0326 14.2491 20.193 13.5055 12.7701 17.1986 14.5305 16.711 14.9581 14.0862 14.1212 15.9805 15.4376 18.1906 15.681 15.171 13.2765 13.7458 12.7389 14.2883 16.4249 12.4272 11.367 12.865 11.8998 14.2629 13.5279 14.9332 16.1779 15.9462 12.6798 16.397 14.9528 14.4653 13.7019 13.9728 14.1358 17.619 15.6477 16.7941 14.4519 14.2634 15.735 18.8829 19.6123
0.048 15.0576 15.0736 18.5344 0.0032 0 13.8816 0.016 0.0416 0.0016 0.072 0.0112 0.0864 0.0336 0.0512 0.1248 0 0.0656 0.0176 0.0672 24.7792 16.5328 9.16 19.9936 17.1408 16.3008 18.616 14.2544 17.5456 15.2896 13.0208 14.7088 16.4272 0.0144 17.112 16.0304 18.1696 16.0736 16.5424 0.12 0.088 16.2416 20.0784 0.0768 20.2256 19.5008 0.048 10.84 13.8128 14.48 0.0144 0.0352 18.136 0.0736 0.048 0.0736 13.8992 0.1392
14.9685 14.7791 15.4922 17.975 15.174 18.2784 15.8598 13.8815 15.3883 12.912 15.9253 13.6035 14.9945 16.7765 15.2728 20.959 16.2834 16.1683 20.8135 15.6084 18.3888 17.5759 13.8551 16.2467 18.7304 18.0863 20.2112 16.9611 17.372 15.2011 14.8462 16.3528 18.1614 15.3318 15.1543 14.6775 15.232 14.4875 17.1173 17.162 17.3241 19.407 18.8075 15.5502 19.6902 17.7969 16.9328 15.8858 17.4472 17.8552 18.4128 14.5899 19.7205 15.4692 18.1193 16.8209 19.1032 17.4599
14.7912 7.34452 7.85009 8.81739 15.1102 17.8856 7.97878 14.1258 15.5773 13.0457 15.9063 13.6597 14.9666 16.9222 14.9747 20.4888 16.1821 15.577 20.9528 15.5776 9.16861 8.84887 6.7013 8.27078 9.33078 9.0467 10.348 8.40687 8.7813 7.67913 7.42991 8.31217 9.05878 13.5592 7.59139 7.30174 7.67548 7.25061 8.45174 16.9248 17.0165 9.64391 9.3593 15.5749 9.72739 9.07087 16.9904 8.05565 8.95452 9.07122 18.6394 13.3463 9.9653 15.5757 18.5629 16.7319 9.32826 16.0638
13.7158 15.3462 14.2619 18.5621 15.1071 18.452 16.9624 13.082 13.7997 11.9679 14.7852 11.9095 13.4198 15.2273 14.0038 19.7408 13.3334 13.1183 18.3638 14.5012 17.4021 15.2762 14.2311 15.2266 15.3626 14.5541 19.0666 15.7937 15.5698 13.5846 13.5271 14.354 16.3609 16.8642 13.152 12.2568 14.2166 12.3655 14.6094 14.1141 14.9508 16.6271 16.4259 13.4822 16.2904 14.7633 15.437 14.7155 14.4461 14.4419 16.3475 15.1685 16.9089 14.8859 14.8041 16.1104 18.5204 18.3128
14.6734 14.5622 15.4668 17.7144 15.0903 17.7576 15.8346 13.9098 15.1713 12.8229 15.7413 13.2694 14.7447 16.5912 14.7361 20.3266 15.2736 15.0272 20.3582 15.0578 17.934 16.9867 13.6825 16.2762 17.4593 16.7808 20.1008 16.594 17.0545 14.7278 14.4497 15.9781 18.2633 14.8347 14.7311 14.2278 15.1361 13.9051 16.4201 16.4881 16.6993 18.6322 18.3451 15.126 18.9619 16.8149 16.6984 15.7543 16.6969 16.8216 17.4207 13.9876 18.7733 15.4549 17.1397 16.692 18.3444 16.7939
1.91489 3.21277 2.04255 4.95745 3.53191 4.51064 1.31915 1.48936 1.59574 1.80851 1.80851 2.76596 1.2766 2.6383 2.08511 1.74468 2.21277 2.23404 2.78723 1.89362 3.78723 2.14894 2.76596 2.70213 2.17021 2.68085 3.12766 3.02128 1.97872 2.48936 2.14894 1.21277 3.7234 1.93617 2.08511 3.55319 4.97872 0.723404 6.80851 3.02128 3.40426 3.97872 3.34043 1.87234 4.82979 2.95745 4.21277 2.04255 2.23404 1.40426 3.14894 4.93617 4.65957 4.44681 3.38298 2.44681 5.25532 5.95745
14.2649 7.6196 7.61909 9.35264 15.3011 18.5956 8.30586 13.5809 14.9299 12.5372 15.4945 13.054 14.3406 16.4272 14.932 20.8379 15.6926 14.7008 19.9993 15.4047 9.07094 8.38502 6.73646 7.95716 9.12149 8.66295 10.0636 8.23595 8.53119 7.57591 7.37526 8.0341 8.96145 15.7216 7.21076 6.84596 7.4438 6.97019 8.1525 15.9133 16.591 9.14016 8.99126 14.787 9.22104 8.45648 16.4202 7.72944 8.35692 8.40918 18.6057 14.3932 9.67238 15.3393 17.7097 16.4469 9.35075 17.183
0.0168269 7.30288 7.86058 8.85096 0.00240385 0.00480769 7.95913 0.00480769 0.00480769 0 0.0264423 0.00480769 0.0504808 0.0360577 0.0144231 0.100962 0.00240385 0.00961538 0.0216346 0.0432692 7.89183 7.8774 7.17067 8.46154 7.00962 6.28606 9.82212 7.81971 7.86779 7.16827 6.73558 7.75 9.71875 0.00721154 6.44231 6.05529 7.05529 6.07452 7.9375 0.03125 0.0456731 8.35096 8.43029 0.0432692 7.8726 6.89423 0.0120192 7.5601 7.78606 6.53606 0.0120192 0.0432692 8 0.0192308 0.03125 0.0336538 8.66827 0.0408654
0.0102389 8.46758 6.75768 9.81911 0 0.00682594 6.7099 0 0.00341297 0 0.0409556 0.0102389 0.0443686 0 0.0102389 0.0716724 0 0.0273038 0.0273038 0.0307167 10.5427 7.74403 4.8157 8.19113 8.32082 6.62457 9.64846 6.57338 7.53584 6.51877 5.87031 5.75427 8.86348 0 7.10922 7.11604 7.28328 6.95563 6.60751 0.0341297 0.0477816 8.9215 8.50512 0.0170648 8.15017 7.93515 0.0170648 4.8157 6.39932 5.91126 0.0204778 0.0136519 9.1058 0.0443686 0.0170648 0.0443686 7.72355 0.0204778
14.3229 14.9478 14.7709 18.0578 14.8958 17.8975 16.0353 13.3552 14.7863 12.3479 15.3611 12.8384 14.276 16.1818 14.6645 20.2941 14.917 14.454 19.5046 14.9266 17.8523 16.6953 14.1725 15.7787 17.0964 16.684 19.6094 16.516 16.4853 14.3299 14.1658 14.8725 17.0549 16.1999 14.1033 13.4176 14.382 13.5593 15.9578 15.8482 16.4121 18.1906 17.8463 14.4972 18.7922 16.7806 16.318 15.1539 16.0448 16.4744 17.4488 15.2441 18.4588 15.1308 16.3731 16.4509 19.2252 18.5637
14.7731 6.95476 8.38725 8.4015 15.031 16.7289 7.62807 14.6256 15.7382 13.2269 15.9868 13.4521 15.0388 16.876 14.088 19.4767 15.109 14.7385 21.2116 14.373 8.68614 8.63128 5.67581 8.48486 8.6384 8.24047 10.2048 8.13787 8.87104 7.70859 7.02672 8.5358 9.72604 9.90239 7.52227 7.39295 7.85322 7.01888 7.99287 16.503 16.4125 9.43641 9.28215 15.4902 9.19558 8.36338 17.0029 8.15248 8.7923 8.53082 17.389 9.91022 9.43855 15.8981 17.9519 16.777 8.20021 13.0353
12.9901 7.62376 6.76073 9.07921 14.736 18.1667 8.27393 13.4059 14.0891 11.6865 14.5512 12.17 13.731 15.5083 14.3515 20.1667 14.17 12.3762 18.4455 14.3383 8.4802 7.82343 7.28548 7.4571 8.06436 7.67327 9.19637 7.93399 8.04125 6.97855 7.09406 7.37129 8.17657 17.703 6.48185 6.0462 6.9505 6.48515 6.78878 14.0099 14.1337 8.29373 8.16172 13.6139 8.44719 7.84158 15.6469 7.43069 7.12211 7.47525 16.9736 15.4422 8.9703 14.9406 15.4472 15.5743 9.75413 18.2789
14.1818 14.8474 14.971 18.095 15.0581 18.2405 16.1891 13.5031 14.605 12.4701 15.3153 12.5759 14.1825 15.9668 14.3839 19.9678 14.2113 13.708 19.4398 14.6028 17.4724 16.1622 13.7545 15.8648 16.2742 15.5466 19.6047 16.219 16.4178 14.1102 14.0741 15.3049 17.8294 15.6354 13.9919 13.2778 14.6064 13.0573 15.4489 15.3624 15.78 17.7178 17.5552 14.3678 17.8169 15.8109 15.9866 15.2511 15.4985 15.4613 16.7897 14.4351 17.6989 15.2383 15.8291 16.4618 18.1264 17.323
13.362 14.8215 14.7905 18.0444 15.2361 18.2076 16.2447 13.3943 13.4826 12.0824 14.4296 11.4184 13.3935 14.6612 12.4669 17.4011 11.352 10.682 17.8858 12.5846 16.6225 14.4462 11.6869 15.9312 12.9375 11.8452 18.7828 14.5581 15.2579 12.4434 12.5398 14.3752 18.1188 11.574 12.9168 12.4008 14.2588 11.7454 13.9567 13.6625 14.4923 15.9888 16.5594 13.3546 15.9566 13.6076 15.2217 14.6113 13.0829 12.4798 13.8461 10.8895 14.6077 14.9372 13.4214 15.8938 14.7467 13.6234
0.03125 9.64062 12.3021 12.9245 0 0 10.2578 0.00260417 0.0234375 0.0182292 0.0494792 0.00520833 0.0442708 0.0260417 0.0364583 0.0885417 0.0104167 0.0364583 0.0182292 0.0494792 13.3906 14.6302 8.05208 11.4505 15.401 13.8542 16.5443 11.987 15.8828 12.8828 10.901 9.27083 11.1458 0.0104167 9.45833 9.56771 10.1172 9.46354 9.35938 0.0182292 0.0807292 11.75 11.1458 0.0390625 11.0078 10.8568 0.0416667 8.61198 10.4245 9.78385 0.0182292 0.0442708 12.638 0.0494792 0.046875 0.0234375 9.92448 0.0520833
3.4805 8.29173 7.70983 9.97192 3.79719 4.38534 9.04836 3.63963 3.30733 3.41498 3.70203 3.14509 3.53198 3.97036 3.32761 4.78003 2.92512 2.60842 4.53978 3.25741 9.43994 8.22465 5.60218 8.14197 7.49922 7.8908 10.209 7.46334 8.46958 7.30889 6.70671 7.27613 8.3791 1.4805 6.97348 6.31513 7.54914 6.02652 7.078 3.10452 3.63183 8.52574 8.40562 3.43214 8.39938 7.42902 3.72387 7.83931 7.67707 7.28237 4.63339 1.82371 8.87363 4.21061 3.79095 4.49298 7.76755 3.30265
0.0728477 30.2781 18.4868 37.106 0.0397351 0 20.2417 0 0.0728477 0.00331126 0.0860927 0.0231788 0.188742 0.0496689 0.0662252 0.407285 0.0165563 0.0496689 0.0364238 0.149007 14.9106 19.9238 11.8841 14.6755 19.4272 17.9702 24.6722 17.4371 20.404 19.4205 15.5265 19.106 35.596 0.0364238 13.043 12.606 14.0563 11.5894 12.447 0.0198675 0.139073 16.0166 15.8212 0.0761589 15.1457 14.2185 0.0496689 18.9834 21.3146 20.5762 0.0562914 0.0960265 37.7881 0.109272 0.0695364 0.139073 26.5397 0.122517
13.6524 14.4871 14.881 17.9395 15.2228 16.5032 18.6553 13.6714 14.766 12.8328 15.4564 12.4656 14.1716 15.7118 12.6402 18.0429 13.8064 13.6255 20.2287 14.1409 21.234 16.4139 9.54217 17.2677 14.9352 14.2331 19.6992 14.3559 17.1019 14.273 12.7523 16.862 16.3325 6.96977 15.1341 13.3111 14.9381 13.4383 13.9093 16.3184 14.1263 17.6914 16.8601 14.3125 15.9849 14.3116 16.6075 15.1238 16.1731 15.3403 15.6387 6.6665 15.567 14.6012 16.2623 16.6124 14.549 10.9878
0.0859375 7.24219 6.77344 8.82031 0 0.0234375 6.90625 0 0 0.0234375 0 0 0.0078125 0.046875 0 0.117188 0 0 0 0.046875 8.95312 7.03125 4.03125 9.09375 6.9375 6.25781 9.16406 6.3125 7.39844 6.64844 5.55469 6.44531 8.53906 0 7.53906 6.84375 7.82031 5.83594 6.80469 0.0078125 0.046875 9.64844 8.35156 0 8.65625 7.96094 0.0234375 6.71094 7.05469 5.85156 0.0390625 0.0546875 8.1875 0.0234375 0.0625 0.03125 7.19531 0.0078125
13.8762 15.072 14.7253 18.2749 15.0866 18.4582 16.5313 13.3022 14.383 12.3015 15.086 12.3371 13.9207 15.8427 14.3265 20.0618 13.961 13.3651 18.9693 14.5242 17.5681 15.9157 14.0805 15.6059 15.955 15.3635 19.3415 16.1277 16.2731 14.0062 13.9272 14.8857 17.3192 16.3456 13.7571 12.7451 14.3192 12.7233 15.3354 15.0258 15.7409 17.5297 17.4343 14.0909 17.6 15.5993 15.8272 14.9542 15.1112 15.1085 16.74 14.8927 17.5354 15.0608 15.2352 16.4003 18.3428 18.0362
13.8502 7.38002 7.34202 9.01167 15.0939 17.6276 8.16802 13.1846 14.4943 12.19 15.0679 12.3855 13.9142 15.7782 14.2066 19.6004 14.4112 13.0806 19.3434 14.3455 8.80646 8.03746 6.40988 7.96797 8.37242 7.96688 9.66612 7.80347 8.36156 7.14169 6.94544 7.69625 8.50896 14.3056 7.10451 6.66015 7.12378 6.69951 7.35288 14.9061 15.1317 8.77904 8.5741 14.1683 8.77904 8.03556 15.968 7.50163 8.04615 7.89197 17.1946 13.0622 8.99077 15.0624 16.5863 16.1341 8.79397 16.2994
14.6668 7.65713 7.66384 9.2316 15.2792 19.2973 8.1545 13.6752 15.1335 12.9883 15.7789 13.1638 14.8032 16.8502 15.3662 20.8829 15.439 14.3657 20.3589 15.4147 8.9965 8.44597 7.4007 8.04936 8.84433 8.47459 10.1411 8.41706 8.61011 7.66589 7.35572 8.04848 9.40479 17.1259 7.31688 7.02482 7.57214 6.98394 7.95532 15.91 16.4249 9.2278 8.95736 15.0435 9.21612 8.4229 16.4685 8.00146 8.44013 8.34317 17.8309 15.7596 9.67815 15.4725 17.0026 16.8116 9.68867 18.179
0.0376569 9.68201 11.9372 12.3556 0 0 6.66527 0.0041841 0 0 0.0376569 0 0.041841 0.0585774 0.0669456 0.0920502 0 0.0167364 0.0251046 0.0209205 20.7155 12.795 7.80753 17.5314 12.6485 11.1464 14.1715 9.87029 12.569 10.4519 9.68201 10.4059 10.6527 0.041841 14.0586 13.4059 13.9372 12.8703 13.1255 0.0794979 0.0920502 11.0879 15.7238 0.117155 16.3891 15.8201 0.0753138 5.73222 6.84937 9.72385 0.0627615 0.0209205 11.3933 0.0627615 0.0753138 0.0878661 8.3431 0.0669456
2.60714 0.142857 8.25 1.10714 0.857143 0.892857 0.142857 9 13.1786 9.60714 6.57143 9.60714 0.928571 12.25 6.71429 10.5357 16.6429 9.28571 8.03571 7.60714 15.1429 14.3571 9.17857 0.785714 9.96429 21.1071 16 15.25 14.7143 5.46429 9.64286 0.928571 0.392857 10.6071 7 13.4643 8.57143 5.42857 9.57143 7.21429 25.5714 16.5714 4.39286 8.46429 8.67857 3.57143 16 1.17857 0.785714 2.60714 1.92857 1.75 4.32143 0.714286 3.28571 0.821429 1.07143 1.53571
0.0495868 12.0847 13.5909 15.2231 0 0 13.4421 0 0.0144628 0.0144628 0.018595 0.0227273 0.0909091 0.0495868 0.0681818 0.11157 0.00826446 0.0103306 0.0165289 0.0516529 15.0165 15.2996 8.72314 12.1983 14.7335 14.564 17.6405 12.9298 15.8264 14.062 12.0165 16.9215 13.2583 0 10.1302 9.30785 10.5331 9.36983 9.8781 0.0867769 0.0516529 12.436 12.2066 0.018595 11.9917 11.5186 0.0392562 10.124 12.6405 15.8492 0.0268595 0.0599174 13.2893 0.0433884 0.0413223 0.0826446 11.5868 0.0661157
13.7546 15.0343 14.3365 18.2546 14.8069 18.121 16.4161 12.9825 14.1172 12.0454 14.8956 12.1913 13.7308 15.6508 14.4355 20.2265 14.0526 13.4175 18.5985 14.632 17.418 15.8022 14.1568 15.1945 16.2639 15.6987 19.0059 15.9912 15.9434 13.9035 13.9284 14.4496 16.4619 16.5337 13.4867 12.513 13.9059 12.7165 15.052 14.7718 15.4884 17.2626 17.0979 13.8306 17.4431 15.6946 15.5277 14.6477 15.0227 15.1704 17.1043 15.1854 17.5334 14.8774 15.2672 16.2404 18.5161 18.5329
14.1742 15.1366 14.9906 18.3028 15.2077 18.4085 16.245 13.6276 14.5528 12.5964 15.2882 12.4815 14.1587 15.7571 14.0738 19.6258 13.8258 13.4397 19.2915 14.2011 17.4698 15.9571 13.5688 16.0017 15.7219 14.9519 19.6344 16.0415 16.3755 13.9857 13.6909 15.3347 18.039 15.4674 14.0033 13.102 14.7529 12.7915 15.0515 15.2723 15.466 17.6875 17.7607 14.5116 17.555 15.4106 16.0612 15.3209 15.1535 14.9726 16.1421 13.9303 17.4145 15.2362 15.5815 16.5123 17.7911 16.9431
14.608 14.8754 15.1795 18.126 15.0721 18.2075 16.0039 13.5893 15.2028 12.7238 15.7084 13.3586 14.676 16.5264 15.1206 20.8181 16.0298 15.9276 20.3218 15.5228 18.3741 17.2871 13.6419 15.9714 18.4778 18.0273 19.9278 16.7458 17.0523 14.9733 14.6752 15.8427 17.3803 14.9044 14.8196 14.2695 14.9314 14.3102 16.8175 16.8797 17.0518 19.0239 18.4071 15.2617 19.4439 17.7217 16.6859 15.5608 17.1825 17.6754 18.4942 14.3597 19.4779 15.3641 17.9042 16.6355 19.1763 17.607
14.8738 15.192 15.3045 18.3522 15.2428 18.8229 16.1636 13.8867 15.2145 12.8304 15.9354 13.3398 14.9034 16.5698 15.3035 21.0293 15.678 15.6049 20.5725 15.5674 18.2066 17.2006 14.5989 16.1944 17.8986 17.3391 20.2102 17.0311 17.1473 14.8309 14.7544 16.0546 18.3453 16.9871 14.9832 14.2609 15.1609 14.2188 16.9018 16.9959 17.254 19.2076 18.9045 15.4132 19.688 17.4908 16.6939 15.8246 16.797 17.1451 17.8121 15.4771 19.191 15.4156 17.1292 16.9762 19.4983 18.7227
13.2994 6.19209 7.45763 14.3446 12.9774 15.6554 6.46328 12.9887 13.5876 11.4746 14.1073 11.7571 14.2203 15.1356 12.9096 18.6102 13.6384 13.1469 18.4463 14.2712 9 8.33898 6.23729 7.80226 8.16949 8.12429 9.85311 8.13559 7.9096 6.67232 6.44068 7.71186 7.97175 12.8983 6.9887 7.00565 7.52542 7.13559 7.67232 17.0734 16.2938 9.13559 9 15.2034 10.0169 8.23729 15.6328 7 7.85876 8.43503 15.226 12.5763 8.74011 13.6893 15.0056 15.3503 8.24294 15.1864
0.5 0 3.1 0 0 0 0 1.8 3.8 2 0.2 1.8 0 1.5 2.1 1.6 3.2 2.3 1.4 0 0 2 3.5 0.7 3.9 9 2.1 2.6 5.3 0.9 0.7 0 0 0.7 0 0.1 0 0 0 0 0 0 0 0 0 0 0 0.5 1.8 0 0.7 2.1 1.6 1.6 3.6 2.9 1.1 2.6
14.8058 14.4592 15.6031 17.6231 14.9232 17.864 15.5158 13.993 15.4327 12.9406 15.845 13.5392 14.9211 16.807 15.1108 20.9262 16.0443 15.7318 20.6675 15.5392 17.8436 17.4516 13.9879 16.319 18.3691 17.9103 20.1439 17.0437 17.1392 15.1676 14.651 16.217 18.0972 15.3447 15.0327 14.3472 15.2657 14.3371 17.2649 16.9718 17.3467 19.2268 18.7592 15.4607 19.3738 17.6807 16.8628 15.7663 17.3829 17.8896 18.3759 14.4792 19.6141 15.563 17.8066 16.751 19.4269 17.9022
15.4113 6.7496 8.3225 8.31062 14.8685 16.8296 7.38114 14.6165 16.1323 13.439 16.0261 14.1759 15.2734 17.2567 15.2742 20.683 16.3249 15.3764 21.5254 15.3803 8.99842 8.97781 6.83994 8.46038 9.14897 8.7599 10.5222 8.75594 9.23693 7.7401 7.38669 8.55943 9.61094 14.8811 7.7393 7.57924 8.09113 7.22187 8.35658 17.4881 17.3621 9.69493 9.57845 15.8796 9.62044 9.01347 17.1204 8.25357 9.15927 9.0412 18.1957 13.496 9.90571 16.0206 18.2139 16.9128 9.47781 16.0666
14.1099 9.62088 8.5989 26.8022 25.2363 12.1099 7.39011 8.09341 9.91209 9.38462 12.3681 10.6978 6.37912 13.4451 17.544 23.9396 11.7253 6.6978 5.73626 14.6978 16.0055 7.15385 7.37912 15.7802 17.9011 12.5055 21.022 11.0275 7.21978 3.90659 14.3242 10.2527 13.956 6.88462 14.8791 18.7967 11.8077 14.3462 13.0055 20.7912 11.9066 12.3462 19.3516 10.1044 14.4451 17.6209 15.6209 13.511 12.7143 20.3352 21.5824 9.28571 31.8736 29.3846 18.478 11.7912 10.1868 10.7967
14.2413 14.8948 15.0457 18.0721 15.0006 18.2308 16.048 13.5824 14.6949 12.5615 15.3981 12.7204 14.3028 16.087 14.5091 20.0476 14.3095 13.9034 19.5718 14.6994 17.5395 16.3081 13.8856 15.9675 16.3689 15.8439 19.6646 16.2605 16.4444 14.1504 14.0762 15.165 17.5686 15.5692 14.107 13.4297 14.6202 13.2217 15.9042 15.6454 16.2773 17.9984 17.7126 14.5048 18.2382 16.1239 16.104 15.2907 15.7242 15.7473 16.8932 14.4662 17.8386 15.2953 15.8801 16.5497 18.2811 17.5026
2.15038 8.50376 7.03759 9.95489 1.81955 1.54887 9.66165 1.89474 2.25564 1.50376 2.24812 2.00752 1.93233 2.81203 2.2782 3.36842 1.60902 1.42105 2.81203 2.05263 8.2782 9.28571 7.08271 7.93985 9.32331 9.49624 10.7895 8.85714 8.05263 7.47368 8.2406 4.80451 4.78195 0.0676692 6.20301 6.35338 7.03008 7.06767 7.03759 1.93233 2 8.26316 8.29323 1.96241 8.6015 8.94737 1.68421 7.91729 8.65414 8.78947 3.87218 1.40602 9.7594 2.66165 1.84962 2.43609 11.1504 2.18045
14.6337 14.3424 16.0532 17.167 14.9499 17.4835 15.0389 14.4916 15.468 13.1928 15.9816 13.2124 14.7889 16.5974 14.2984 19.7994 14.4512 14.3749 20.8536 14.2963 17.2607 16.7672 13.1131 16.9116 16.2849 15.4284 20.6244 16.3983 17.3383 14.6427 14.0682 16.3938 19.3671 13.6371 15.0198 14.3296 15.7862 13.6114 16.291 16.4345 16.5442 18.6633 18.7508 15.4445 18.3969 16.0528 16.8819 15.8839 16.3117 15.8357 16.8991 12.42 18.0461 15.8041 16.4782 16.9559 17.6119 15.7618
0.0204082 8.22449 9.90816 10.7347 0 0.0102041 8.71429 0 0 0.0102041 0.0306122 0 0.0816327 0.0102041 0.0102041 0.112245 0.0204082 0.0102041 0.0510204 0.0816327 9.60204 9.34694 8.5 10.5102 8.06122 7.90816 12.3571 9.57143 9.58163 8.68367 8.85714 8.38776 11.7959 0.0204082 8.79592 7.27551 9.63265 7.88776 10.1633 0.0306122 0.0510204 10.102 9.95918 0.0306122 10.2959 9.12245 0 8.78571 9.04082 8.5 0 0.0204082 10.5204 0.0102041 0.0612245 0.0306122 9.88776 0.0918367
13.4604 6.86331 6.58273 9.43885 14.1295 17.9424 7.82734 11.5971 14.036 10.8489 14.5396 12.4101 13.0791 14.8345 14.4604 21.0216 13.4245 10.8705 16.9065 14.1942 8.64029 8.47482 6.42446 6.11511 8.58273 9.15827 9.18705 7.57554 7.42446 6.69065 6.51799 5.09353 5.47482 8.94964 6.22302 6.48921 6.30216 6.8705 6.25899 14.8489 13.4101 8.10791 8.00719 13.5612 7.97122 9.48921 14.4532 6.4964 8.41727 6.41007 25.6691 11.9281 8.79137 15.7626 16.1007 15.3525 9.15108 15.8058
0.0597015 7.40299 7.42644 8.96162 0.0341151 0.0191898 8.04691 0.0191898 0.021322 0.0298507 0.0447761 0.010661 0.0319829 0.021322 0.0405117 0.0703625 0 0.0405117 0.0362473 0.0831557 8.75906 8.30277 5.66951 8.07463 8.09168 7.26866 9.90618 7.48401 8.41151 7.57143 7.14072 8.23667 9.88486 0.0021322 7.49893 6.8081 7.9339 6.39872 8.04691 0.021322 0.0277186 8.92111 8.23881 0.0383795 8.43497 7.55864 0.0191898 7.86354 8.1194 7.46908 0.0362473 0.0405117 9.28998 0.0575693 0.0575693 0.0469083 7.89339 0.0831557
13.9081 7.47897 7.11737 9.02442 14.4695 18.1333 8.1445 13.0041 14.3792 12.2388 15.2514 12.6686 13.8134 16.0054 14.9274 21.2293 15.3959 14.6326 19.1537 15.2792 8.73881 8.22558 6.89417 7.59769 9.0017 8.89315 9.82327 7.96676 8.17028 7.35346 7.20047 7.5692 8.36669 16.346 6.99796 6.33107 7.02273 6.59973 7.84973 15.7687 15.9288 8.94708 8.79512 14.2921 8.95081 8.24763 15.8775 7.42605 8.14925 8.32904 19.4138 14.7961 9.71472 14.8687 16.4579 16.2714 9.46879 18.6211
14.5684 15.1396 14.8981 18.4941 15.0612 18.7572 16.2734 13.4573 15.0627 12.534 15.671 13.1959 14.5835 16.5559 15.5192 21.4255 16.0311 15.8627 19.9288 15.833 18.4425 17.2553 14.8172 15.8232 18.5397 18.2689 19.8311 16.9745 16.8451 15.0169 14.8854 15.4596 17.1349 17.6648 14.6533 13.7403 14.6463 14.1611 17.0314 16.641 17.2884 19.0229 18.473 14.998 19.4078 17.7665 16.5943 15.4283 16.9487 17.5398 18.8584 16.1147 19.542 15.2955 17.401 16.8138 20.1841 19.8873
13.5204 7.93291 6.98973 9.67356 15.2052 18.7131 8.69184 12.6336 13.8297 11.7899 14.6699 12.1644 13.4255 15.8414 14.8537 20.9579 14.6833 13.3335 18.2892 15.0993 9.11336 7.88776 7.45837 7.34754 8.64726 8.23882 9.45598 8.25345 7.98917 7.13797 7.18383 7.0173 7.86596 18.2329 6.64557 5.9737 6.791 6.36385 7.31758 14.1782 15.046 8.39311 8.21913 13.4353 8.5052 7.83952 15.121 7.24838 7.68228 7.67525 18.4471 16.872 9.23066 14.6809 15.5958 16.0775 10.0963 20.0737
0.0625 7.7474 8.80208 9.85938 0.015625 0.0078125 8.33594 0.0598958 0.0494792 0.0286458 0.125 0.0677083 0.117188 0.0703125 0.0338542 0.145833 0.0442708 0.0703125 0.0885417 0.0729167 8.69271 8.65104 8.02083 9.27865 7.91667 7.23438 10.4036 9.59635 9.23958 7.91927 7.26823 8.29427 10.8255 0.0130208 7.63281 6.46615 8.47396 6.52344 8.92708 0.0885417 0.0833333 9.3099 9.03646 0.0598958 8.48438 8.04688 0.0338542 8.55469 8.29948 7.7526 0.03125 0.0859375 8.84115 0.0416667 0.046875 0.0598958 9.67969 0.0859375
0.080163 15.0951 15.5408 18.6236 0.0013587 0.0108696 16.356 0.00679348 0.0149457 0.00543478 0.0516304 0.0108696 0.0733696 0.0679348 0.0163043 0.150815 0.0244565 0.0584239 0.00951087 0.0611413 18.2677 17.9334 10.1535 15.5693 18.6155 17.2378 21.0068 15.3179 18.7717 15.8098 14.1277 15.5815 16.6332 0.0366848 13.4375 12.322 13.7595 12.6739 12.5707 0.0855978 0.0652174 16.2092 15.3071 0.0611413 15.8601 14.9457 0.0353261 13.8356 17.1997 16.1168 0.0230978 0.044837 18.7038 0.0516304 0.0353261 0.0774457 14.0543 0.0679348
0.0222222 7.69333 6.56889 9.83111 0 0 6.13778 0 0.00444444 0.0177778 0.00888889 0.00444444 0.0444444 0.04 0.0177778 0.0355556 0 0 0.0177778 0.0266667 10.3067 6.55111 3.86222 8.41778 7.16444 6.32444 8.19556 6.21778 7.35111 6.64444 5.10667 5.96889 8.03111 0 6.89333 7.16444 7.35556 6.70222 7.36 0.0177778 0.102222 8.59111 8.62667 0.04 7.72 7.48444 0.0133333 5.05333 6.24444 5.56 0.00444444 0.04 9.56444 0.0222222 0.0133333 0.00888889 7.13333 0.0311111
8.86111 8.45635 9.5119 9.48413 12.119 9.1627 8.03968 14.8135 13.9127 13.123 18.6111 10.7262 16.5317 19.881 15.0873 15.7063 15.5635 14.0476 12.5873 6.21825 11.5595 15.1032 6.75794 12.996 21.6508 18.631 16.7817 11.9365 25.6032 13.3413 7.38095 5.58333 6.78175 6.09524 9.67857 8.10714 7.03968 8.85714 9.71032 6.2619 12.2778 16.754 15.7143 11.2103 10.5675 15.5119 15.877 10.1587 15.7381 15.8056 11.6468 7.67063 15.75 14.9524 11.2341 13.2143 11.1825 8.17063
15.8706 14.7179 16.0619 17.8332 15.1619 18.2067 15.531 14.4645 16.5523 13.5157 16.8305 15.038 15.9001 17.9771 16.3423 22.2328 18.9103 19.2592 22.6974 16.9458 19.3433 19.26 14.2471 16.8353 21.8231 21.4518 21.0787 17.9823 18.5861 16.5513 15.8393 17.7313 18.795 15.4498 16.5799 16.3093 16.0584 16.2934 19.2059 19.506 19.1711 21.4707 20.1754 17.0243 22.0136 20.2602 18.0878 16.8322 20.1385 21.1938 20.4352 14.9756 22.5044 15.7714 21.1036 17.25 20.3069 17.8077
0.105263 33.4899 27.4939 35.4211 0.0161943 0.00404858 41.9109 0.0161943 0.0242915 0.0445344 0.0931174 0.0161943 0.0890688 0.0728745 0.0283401 0.364372 0 0.0728745 0.0364372 0.242915 34.4858 26.2308 14.417 44.7085 26.4372 25.3846 31.8745 22.5223 27.668 22.2915 20.6802 28.9879 51.1377 0.048583 35.0324 26.1134 29.7935 24.915 31.4696 0.129555 0.165992 34.6113 34.8988 0.17004 40.5709 30.4332 0.097166 30.8907 36.1741 32.749 0.109312 0.194332 50.664 0.105263 0.101215 0.202429 41.4251 0.218623
10.4889 20.6406 21.3903 26.0551 22.5585 25.1652 14.1971 19.4444 23.201 16.6995 19.0338 15.8087 18.0106 21.228 16.8551 24.8831 17.3188 16.2744 24.6628 20.9314 26.0068 20.1478 12.1807 28.9121 20.7266 16.7469 24.9092 19.028 22.7981 18.8087 17.113 11.8734 23.63 7.90725 20.4348 12.8725 17.885 14.9121 15.8396 19.1459 17.9643 20.1836 19.8116 19.5333 20.9343 13.4734 19.857 11.3942 12.0928 10.9488 21.8261 8.15556 20.7208 22.1594 20.2077 21.7652 17.3507 15.6222
12.9292 14.5911 13.8261 17.6158 14.2004 17.4653 15.8909 12.5323 13.3401 11.5696 14.2293 11.266 13.0324 14.8496 13.4368 18.9824 12.031 11.3742 17.2806 13.4579 16.1625 14.5512 13.6606 14.7124 13.9445 13.4244 18.2274 15.2045 14.9168 12.8678 13.0618 12.7964 15.3375 15.2593 12.4408 11.3803 13.2179 11.488 13.9318 13.3058 14.5237 16.0115 16.0869 12.8333 16.0055 14.1135 14.5664 13.8309 13.2 13.063 15.7028 14.6653 15.6424 14.6962 13.0373 15.7629 17.4797 17.963
14.4762 7.08952 7.94153 8.70037 15.313 17.0658 7.61937 14.3544 15.6803 13.137 15.9543 13.447 15.2814 16.743 14.5932 19.8532 15.5128 15.0262 21.095 14.8843 8.85445 8.60962 6.11876 8.57308 8.87272 8.3447 10.3989 8.24604 8.67052 7.79476 7.25883 8.47077 9.61267 12.1078 7.52192 7.42814 7.91596 7.11267 8.1821 16.7832 16.5786 9.74665 9.32704 15.5274 9.43301 8.59562 16.9397 8.10658 8.61023 8.59683 17.6967 11.7686 9.63946 15.5158 17.799 16.8252 8.64921 14.8928
14.1552 13.6986 15.3978 16.3056 14.0964 16.0866 14.8951 13.3421 14.8536 12.3455 15.2877 13.1274 14.4385 16.0211 13.8854 19.2073 15.4846 15.9801 20.2301 14.474 18.0063 17.4125 11.8751 16.3132 18.2064 17.9425 19.9012 16.2276 17.1857 14.9066 14.1801 16.2817 18.0248 10.5079 15.324 15.0151 15.3319 14.2874 16.5086 17.0727 15.9741 19.5262 18.6402 15.2218 19.7187 17.7412 16.4329 15.6262 17.8505 18.0226 17.5332 10.4132 19.3789 14.6913 17.714 15.8396 17.2813 13.7833
14.5155 14.8134 15.2868 18.1201 15.1627 18.4869 16.1779 13.7642 15.0192 12.7697 15.6203 13.0088 14.5456 16.4056 14.7777 20.3747 14.7704 14.4872 20.0988 15.0259 17.8396 16.6903 14.1592 16.1765 16.8548 16.2113 19.942 16.6834 16.8683 14.6025 14.3735 15.8912 18.4338 16.2544 14.4833 13.8298 14.9895 13.5018 16.0541 16.0465 16.278 18.3148 18.0443 14.8728 18.4036 16.4067 16.4461 15.5839 16.2008 16.1476 17.2384 14.7101 18.4418 15.3988 16.3775 16.7642 18.5903 17.6792
12.776 15.2588 13.7567 18.5796 14.835 18.2916 16.7256 12.7148 12.9321 11.4908 13.9035 10.8034 12.7994 14.5465 12.9725 18.5208 10.8153 10.1645 16.9111 12.9073 16.7093 13.8188 13.752 14.8595 12.496 11.6053 18.337 14.9417 14.333 12.0503 12.8393 12.8708 15.9231 16.2004 11.9847 11.3507 13.0773 11.2152 13.3011 12.4736 13.7472 15.1559 15.4262 12.3254 15.2427 12.92 14.2457 13.7891 12.0245 11.5613 13.9029 14.7295 14.3701 14.7342 11.9201 15.6127 17.6324 17.7778
0.0337838 7.7027 8.23649 8.97973 0 0 7.85135 0 0 0 0.0540541 0 0.027027 0.0135135 0.00675676 0.0540541 0.00675676 0.0472973 0.0202703 0.027027 7.79054 7.87162 7.22973 8.46622 6.91892 6.16216 9.81081 7.76351 8.36486 7.00676 7.13514 7.66216 10.3851 0.00675676 7.08784 6.14865 7.75 6.09459 8.04054 0.0608108 0.0337838 8.16216 8.66216 0.0337838 7.57432 6.72973 0.0135135 7.42568 7.53378 6.91892 0.0540541 0.0810811 8.13514 0 0.0472973 0.0540541 8.79054 0.0472973
14.9584 14.9679 15.2231 18.2448 14.993 18.5252 16.0308 13.6974 15.5367 12.8486 15.9867 13.772 15.0132 16.9702 15.9429 21.9262 17.07 16.8399 20.845 16.3073 18.6083 17.8764 14.7952 15.9842 19.7 19.3645 20.1651 17.3027 17.4196 15.5825 15.1905 16.0447 17.397 17.2198 15.2328 14.4512 14.9938 14.8448 17.4933 17.5098 17.697 19.7822 18.8996 15.6049 20.184 18.6958 16.9413 15.8102 18.0442 18.7328 19.5161 16.1864 20.6439 15.4361 18.4302 16.944 20.3866 19.7057
0.0769231 30.2692 26.1538 38.9231 0 0 48.6923 0 0 0 0 0 0 0.0384615 0.153846 0.153846 0 0.0769231 0.0384615 0.384615 34.9231 27.7692 25.5 36.1923 25.1154 23.3462 39.3846 29.7308 30.8846 27.4231 27 41.8846 37.1923 0.0769231 30.3462 26.1154 30.5 25.7308 30.6923 0.115385 0.153846 35 37.8077 0.307692 32.3077 30.8462 0.115385 47.5385 43.7308 42.2692 0 0.153846 31.9615 0.153846 0.269231 0.0769231 37.5 0.230769
13.0277 14.1095 13.0926 16.9772 13.7215 16.8432 15.3721 12.1563 13.4736 11.421 14.3784 11.6056 12.9379 15.0371 14.2897 19.9906 13.3304 12.7341 17.181 14.3683 15.7748 14.7174 13.4279 13.817 15.4311 15.2054 17.7561 15.0154 14.7316 12.8101 13.3418 12.0057 13.4301 15.246 12.0858 11.0334 12.6304 11.6478 13.912 13.6066 15.0561 15.8769 15.4084 12.8678 15.9998 14.595 14.4792 13.3913 13.851 13.9727 17.609 15.2616 16.3678 14.6118 14.0337 15.6471 18.3392 18.9423
13.7905 14.2743 15.2249 17.2297 14.8084 16.8356 15.7217 13.6103 14.3032 12.2958 14.9857 12.2971 13.7906 16.4357 13.4937 19.08 13.8166 13.586 19.2334 13.8479 17.4403 15.8531 11.999 15.9732 15.5653 14.8989 19.164 15.0453 16.2825 13.9053 13.0246 15.6051 17.1633 11.0547 13.7652 13.1171 14.7735 12.6137 14.8624 15.2629 15.0988 17.7312 17.5404 14.2759 17.3058 15.2161 16.5172 15.02 15.8206 15.1762 16.3647 10.513 17.0608 15.1739 15.8944 16.134 16.3375 14.222
12.2004 7.69946 6.43828 9.07692 14.6673 16.9016 8.55993 11.9428 12.78 11.0787 14.3256 11.3846 13.4258 14.6279 13.5009 18.2648 11.7621 10.6959 16.5653 13.3274 8.44544 7.87478 6.14669 7.07335 7.08587 6.88372 8.88014 7.11986 7.43113 6.6458 6.67084 5.78891 6.16279 12.3792 5.83363 6.20394 6.38283 6.25403 6.51878 13.127 13.6798 7.94097 7.37388 12.4919 8 7.43828 14.0751 6.47585 7.0322 5.96601 19.1377 12.9785 7.54383 14.1181 14.195 15.2665 8.13596 16.3989
15.6428 7.34995 8.15815 8.85315 15.1387 18.404 7.72738 14.5313 16.3609 13.3873 16.5731 14.584 15.8053 17.7849 16.1257 21.787 17.9223 17.3745 22.349 16.5511 9.2548 9.35018 7.1741 8.4572 10.2957 9.97345 10.6655 8.94061 9.34622 8.25911 7.81658 8.86025 9.6865 15.7462 8.06405 7.77547 8.04845 7.78735 8.94399 18.2762 17.8308 10.211 9.83964 16.303 10.2498 9.63154 17.6414 8.44952 9.75265 9.92559 19.771 14.8514 10.9306 15.9129 19.9819 17.2242 9.96565 17.7104
1.05868 10.3521 16.7604 12.8386 8.87775 22.11 1.44254 11.6577 19.8166 8.0709 7.32274 6.11736 12.423 7.41565 9.0709 8.55012 8.77262 13.1296 20.0538 8.69927 11.0171 0.506112 12.9633 4.98044 7.20049 18.4914 9.9291 12.5379 16.3643 19.7628 8.72861 6.978 8.7824 6.17359 5.99267 11.2054 15.6406 11.0367 8.55501 6.66748 10.9511 15.3301 7.44988 18.1858 0.386308 0.415648 21.8606 1.23472 2.00244 1.01222 16.5061 5.2176 19.9511 8.29829 32.9707 20.6846 22.379 11.1149
12.2506 14.2256 13.7552 17.4229 13.3651 16.1112 15.6237 11.7058 12.5618 10.7184 13.338 10.8525 12.2622 13.8166 12.4642 17.6237 12.2781 11.9379 16.7259 12.6293 16.58 14.8249 12.5459 14.5545 15.1581 14.1125 18.1488 14.9217 15.212 13.1483 13.0148 14.1008 16.3519 13.8778 12.8191 12.0533 13.5092 11.9941 14.2381 13.1426 13.6511 16.137 16.1215 12.3182 16.3027 14.3113 13.7865 14.0833 14.2905 13.8993 14.8829 12.5529 16.3964 13.2194 13.6438 14.3523 16.7085 15.1936
14.1426 14.7619 15.2017 17.9259 15.147 18.0724 16.0297 13.6932 14.6776 12.6033 15.356 12.6039 14.2737 16.0008 14.1359 19.6547 13.8784 13.489 19.5773 14.3652 17.4811 16.0745 13.445 16.1588 15.7655 15.0756 19.6859 16.0956 16.5381 14.0861 13.9273 15.4933 18.3165 14.9705 14.0884 13.3822 14.8289 12.9981 15.4044 15.3934 15.7365 17.7917 17.6699 14.4803 17.7113 15.6112 16.0896 15.3071 15.434 15.1946 16.3209 13.646 17.4329 15.3462 15.6019 16.5012 17.5293 16.6005
0.0350877 7.52632 8.12281 9.79386 0 0 9.46053 0 0.0175439 0 0.0570175 0.00438596 0.0394737 0.0394737 0.00438596 0.100877 0.0175439 0.00877193 0.0570175 0.0482456 8.76316 9.20614 5.25 8.96053 9.14474 8.61842 11.0263 7.89474 9.63158 10.6754 6.89474 10.3904 9.88596 0.00877193 8.14474 7.70175 8.62719 7.19298 8.12281 0.0263158 0.0131579 10.0132 9.52632 0.0526316 9.21491 8.5 0.00438596 10.25 11.3246 11.6842 0.0263158 0.0438596 9.73684 0 0.0482456 0.0657895 8.35965 0.0526316
13.7936 7.75332 7.4398 9.42162 15.5926 18.5037 8.48943 13.3332 14.4029 12.058 14.9553 12.3509 13.9155 15.6732 14.058 19.6369 14.029 12.9455 19.1366 14.2113 9.04914 7.8742 6.45455 7.85307 7.95627 7.60246 9.82113 7.66486 8.20049 7.09287 6.93317 7.77641 8.76708 14.7818 6.86044 6.457 7.24177 6.47174 7.08993 14.774 14.8663 8.53268 8.47273 14.0742 8.71941 7.79705 15.8855 7.45848 7.62948 7.82801 16.3504 12.8963 9.06732 14.9523 15.7504 16.2388 8.5312 15.9268
14.8725 7.50739 7.85906 9.14713 15.1268 18.4428 8.13338 13.9746 15.1863 13.0168 15.8371 13.4514 15.1103 16.748 14.9024 20.6023 15.7381 15.0945 20.792 15.2413 9.09453 8.69715 6.96803 8.19251 8.96631 8.60227 10.3049 8.4878 8.78618 7.57683 7.35648 8.22516 9.56102 15.5211 7.58096 7.19663 7.65899 7.21691 8.23032 16.4954 16.725 9.44655 9.3276 15.2142 9.57064 8.69268 16.7972 7.95565 8.60261 8.51942 17.9952 14.2729 9.86559 15.5675 17.7728 16.8027 9.13682 16.746
0.0234742 11.216 8.9687 13.6526 0.00938967 0.00625978 11.6307 0.00312989 0.00469484 0.00625978 0.0234742 0 0.0516432 0.0500782 0.0156495 0.0923318 0 0.0359937 0.0219092 0.0485133 13.9577 9.97809 5.85133 11.7715 10.3412 10.4351 11.5399 8.48513 10.3834 8.99218 8.10955 19.5509 12.1628 0.0234742 9.28795 9.39906 10.4085 9.723 9.50548 0.0266041 0.0751174 10.698 11.7277 0.0344288 11.6901 11.3881 0.0375587 9.01878 11.025 19.0845 0.0359937 0.0735524 12.939 0.0422535 0.0688576 0.0500782 9.31299 0.0219092
0.0967742 16.9355 16.8996 21.1111 0 0.0179211 25.9964 0.00716846 0.0286738 0.0250896 0.0430108 0 0.164875 0.0645161 0.0681004 0.225806 0 0.0645161 0.0107527 0.193548 20.4158 18.2867 13.9892 20.638 17.9606 16.9247 21.7097 17.2688 19.2867 15.9857 15.4301 26.3656 22.552 0.0322581 18.1398 16.3907 19.8423 16.5269 19.6165 0.046595 0.100358 22.233 22.6703 0.114695 20.638 19.8459 0.0501792 27.2473 29.1183 29.3333 0.0681004 0.0501792 23.0896 0.0537634 0.0573477 0.172043 22.8423 0.136201
1.30213 7.51489 8.55745 9.31915 0.00851064 0.00638298 10.5638 0.529787 0.5 0.504255 0.591489 0.791489 0.685106 0.691489 0.4 0.448936 0.457447 0.7 0.565957 0.0617021 10.3234 9.55106 5.33617 9.60213 10.1468 9.77021 11.2596 8.44043 10.1617 8.35957 7.52553 9.85532 8.29787 0.219149 8.45532 7.36596 8.31915 7.44255 8.33191 0.265957 0.53617 9.99574 9.35532 0.553191 9.33617 8.68085 0.502128 8.8383 10.6809 9.5383 0.0893617 0.268085 9.29149 0.246809 0.293617 0.123404 7.74681 0.268085
14.4851 14.5911 15.7721 17.4359 15.2602 18.3972 15.783 14.3467 15.2449 13.1206 15.7421 12.8465 14.8188 20.2529 13.6779 19.0865 13.5443 13.2573 20.3022 14.1045 17.3144 16.5154 16.081 16.8152 15.349 14.2285 25.4894 16.0981 16.9282 13.9231 13.5513 15.7868 19.4039 13.2115 14.5363 13.9368 15.4772 13.2505 15.2506 15.885 15.6854 18.0039 18.2539 14.933 18.0913 15.6423 16.5962 15.8236 15.272 14.8507 16.0034 12.0757 16.8336 15.6218 15.8512 16.8311 16.9559 15.1695
14.8632 14.4322 15.5707 17.5459 14.9568 17.7884 15.5375 14.0878 15.4076 12.9987 15.9187 13.4886 14.946 16.7155 14.9629 20.5092 15.7109 15.295 20.777 15.2946 17.8077 17.2657 13.8018 16.4403 17.8415 17.2145 20.2392 16.8466 17.2746 14.925 14.5656 16.325 18.4672 15.0086 14.982 14.4646 15.2993 14.1904 16.6809 16.7734 16.9851 18.9564 18.5935 15.4178 19.2939 17.3325 16.8383 15.9336 17.1062 17.3747 17.6214 14.188 19.1879 15.5666 17.5101 16.8684 18.6151 17.0856
0.0723684 12.5329 13.6678 15.5954 0.00164474 0.00493421 15.1711 0.0148026 0.0246711 0.00986842 0.0888158 0.00164474 0.0378289 0.0411184 0.0246711 0.106908 0.00164474 0.0427632 0.0180921 0.0855263 22.9276 15.648 8.55263 16.9342 16.7747 15.6875 18.8503 13.3207 16.6842 14.227 12.9589 24.6447 12.9539 0.0148026 14.1595 13.4145 15.0822 14.0049 14.0378 0.0476974 0.0773026 13.574 17.1694 0.0657895 16.9424 16.8816 0.0592105 12.1974 15.2368 25.8438 0.00657895 0.0493421 14.5773 0.0296053 0.0493421 0.0690789 11.2533 0.0575658
14.4119 14.5714 15.2645 17.7808 14.8644 17.9056 15.6814 13.664 14.9201 12.6671 15.5639 13.0308 14.5156 16.4517 14.66 20.2906 14.8831 14.5246 19.9769 14.9728 17.4681 16.6891 14.0319 15.9241 17.0803 16.5035 19.8292 16.6358 16.758 14.5655 14.3754 15.6195 17.7525 15.6716 14.3754 13.5988 14.8417 13.5004 16.0717 15.9547 16.3583 18.2549 17.9805 14.7666 18.3812 16.559 16.2141 15.4462 16.2678 16.2876 17.3418 14.6954 18.3778 15.3769 16.4495 16.579 18.6345 17.5876
0.689655 8.09404 8.74295 9.63009 0.667712 0.702194 8.62069 0.564263 0.413793 0.473354 0.636364 0.495298 0.551724 0.670846 0.460815 0.905956 0.373041 0.473354 0.862069 0.749216 8.67398 8.9279 7.64263 9.40439 7.41693 6.27273 10.5862 8.95611 9.16614 8.31348 7.73668 8.71473 10.5987 0.266458 7.32288 6.92163 7.73041 6.80564 8.19436 0.39185 0.749216 8.91223 8.94671 0.60815 8.30094 7.56113 0.529781 8.68652 8.25078 6.94671 0.595611 0.432602 8.35737 0.799373 0.611285 0.777429 9.74608 0.605016
14.1027 7.62894 7.07118 9.45508 14.713 18.6278 8.43524 12.8681 14.2765 11.944 14.9557 12.727 13.7118 16.3547 14.6173 21.273 15.2077 13.3921 18.8821 15.1972 8.84831 8.10268 7.44224 7.63361 8.63127 8.09918 9.6091 8.44107 8.12602 7.06068 7.32089 7.37923 8.44107 18.9102 6.74096 6.23337 7.08868 6.59977 7.53209 14.4889 15.3489 8.09452 8.45274 13.8016 8.65111 8.11085 15.2905 7.64761 7.76546 8.06768 17.6756 16.7468 9.47491 14.6278 15.7771 16.2065 10.0082 20.3022
14.5656 14.6318 15.516 17.6717 15.0339 17.8438 15.7559 13.9373 15.1743 12.923 15.7767 13.1751 14.713 16.5549 14.6882 20.2893 14.9342 14.7266 20.4289 14.9365 17.6143 16.8479 13.7981 16.4009 17.0337 16.3469 20.1096 16.6788 17.076 14.6842 14.3113 16.1137 18.6288 15.3089 14.6757 13.9447 15.1817 13.497 16.1178 16.1693 16.3506 18.5163 18.2027 15.0169 18.3806 16.3813 16.5008 15.7148 16.556 16.3574 17.3136 13.8701 18.5424 15.5489 16.636 16.746 18.3911 17.0481
13.1599 7.99852 6.85788 9.65803 15.1466 18.3272 8.83198 12.3175 13.4197 11.4404 14.4293 11.5988 12.8312 15.1732 14.5381 20.6195 14.0903 12.2953 17.4989 14.6491 8.84752 7.43523 7.453 7.42117 8.22502 7.58327 9.26499 7.9963 7.91414 6.92968 7.07994 6.78534 7.48557 17.9349 6.28793 5.69578 6.48557 6.04071 7.05699 13.5596 14.564 8.14434 7.849 12.8298 8.27165 7.6299 14.5019 7.12435 7.2191 7.09919 17.6876 16.9134 8.85122 14.3323 14.8142 15.5588 9.73057 19.9667
14.8413 14.2986 15.8918 17.2818 15.0358 17.8187 15.2798 14.3386 15.3444 13.148 15.8625 13.2801 14.9122 16.6852 14.5231 20.0022 14.6422 14.3321 20.7285 14.715 17.2706 16.8685 13.6663 16.83 16.5588 15.7664 20.3826 16.7069 17.2147 14.5507 14.2929 16.3384 19.4251 14.5962 14.8783 14.33 15.5856 13.6392 16.4464 16.3979 16.664 18.6014 18.4678 15.2513 18.5203 16.3565 16.8148 15.9464 16.4087 16.1322 16.7465 13.5596 18.1701 15.7457 16.5313 16.8644 17.8967 16.2971
14.4188 14.9729 15.1218 18.2207 15.2007 18.6094 16.2801 13.6516 14.9414 12.6677 15.541 13.0329 14.5043 16.3557 14.8506 20.559 14.9717 14.8106 19.9352 15.1262 17.8604 16.7734 14.2955 16.0428 17.0295 16.6409 19.8311 16.6393 16.8432 14.6226 14.2759 15.7903 17.8806 16.6851 14.4835 13.6526 14.8818 13.4751 16.2329 16.1368 16.5769 18.7035 18.2899 14.9384 18.6915 16.6357 16.3291 15.4955 16.3867 16.5287 17.4065 15.096 18.7407 15.2756 16.1929 16.7719 18.8788 18.456
14.771 13.7953 16.1257 16.4615 14.6841 16.8499 14.7676 14.5229 15.6878 13.2666 15.8912 13.501 15.0443 16.7799 14.2654 19.6997 14.8952 14.7196 21.1085 14.6483 17.0503 17.0888 12.9191 16.9337 16.7709 16.0815 20.5252 16.5869 17.4203 14.9107 14.1797 16.6857 19.335 12.7557 14.953 14.5374 15.6848 13.6257 16.2361 16.5287 16.4756 18.7815 18.4018 15.3881 18.2239 16.3307 16.8306 16.0012 17.0058 16.4985 17.0936 11.9385 18.4145 15.8488 17.0989 16.8074 17.47 15.1409
15.2708 7.00067 8.06258 8.57483 15.0232 17.5305 7.598 14.449 15.8713 13.4154 16.3673 14.1183 15.3826 17.5225 15.2728 20.808 16.6058 15.7494 21.8924 15.7345 8.88196 9.00535 6.78196 8.44343 9.62249 9.10846 10.4753 8.4608 9.03942 7.90824 7.55635 8.67773 9.74098 14.3301 7.74677 7.56125 8.04321 7.30824 8.52895 17.3817 17.388 9.67528 9.42873 15.8724 9.73898 8.99109 17.2383 8.34677 9.30334 9.17595 18.4637 13.2686 10.139 16.053 18.8604 17.0392 9.29488 16.0149
0 7.49215 6.06545 8.85602 0.0104712 0.0026178 7.18063 0.0052356 0.0026178 0 0.0418848 0.0026178 0.0287958 0.0078534 0.013089 0.0497382 0 0.0287958 0.0052356 0.0732984 8.60471 6.70419 3.69372 7.97644 6.81675 6.79581 8.43717 6.34293 7.26178 6.55236 4.97644 6.15183 8.29319 0.0052356 6.7801 6.72775 7.09424 6.54188 7.63874 0.026178 0.0418848 8.83508 8.63089 0.0235602 8.34817 7.74084 0.0183246 6.81152 7.73822 7.01047 0.0209424 0.0471204 8.36126 0.0078534 0.0026178 0.026178 6.92147 0.039267
14.0956 15.1017 14.8484 18.3313 15.2209 18.2079 16.4781 13.3563 14.592 12.3698 15.3341 12.6878 14.1515 16.045 14.6655 20.4999 14.5976 14.2784 19.4527 14.9311 17.9684 16.2732 13.8279 15.7214 16.8156 16.1551 19.5405 16.2017 16.5567 14.2998 14.2018 15.4343 17.5597 15.9498 14.0913 13.2155 14.5381 13.0456 15.4663 15.5111 15.8749 17.9141 17.4957 14.4362 17.8179 15.906 15.9608 15.1247 15.7948 15.7695 17.4709 14.5069 18.1559 15.1598 16.0726 16.4535 18.2538 17.8686
14.7706 14.9982 15.8443 17.8254 15.437 18.0052 16.0021 14.3114 15.4939 13.3609 15.7662 13.2871 14.8594 16.5521 14.7617 20.555 14.8879 14.6908 20.7462 14.7893 17.7415 17.0834 14.3149 16.7527 16.6562 16.052 20.5782 16.8362 17.315 14.6551 14.3102 16.3102 19.3372 16.1074 14.8336 14.1117 15.5077 13.6386 16.4568 16.2787 16.8264 18.5658 18.3381 15.4236 18.3857 16.2744 16.7378 16.1606 16.7455 16.0507 17.2461 14.2909 18.5059 16.0755 16.577 17.3838 18.6854 17.7518
14.3033 14.8548 14.9541 18.0619 15.0247 17.9537 16.1176 13.5689 14.7288 12.5104 15.4665 12.7037 14.2859 16.0694 14.4272 19.9403 14.4541 14.1507 19.5892 14.65 17.7992 16.4323 13.5954 15.8749 16.6255 15.9888 19.6796 16.3391 16.5062 14.1738 14.1484 15.2543 17.4854 15.091 14.1671 13.494 14.6166 13.4409 15.8196 15.6924 16.2293 18.0357 17.8391 14.6124 18.4868 16.4455 16.2364 15.253 15.7963 15.9243 17.0029 14.1364 18.0037 15.1927 16.2221 16.4559 18.3305 17.141
14.3365 14.5792 15.548 17.5511 15.0519 17.8534 15.7035 13.9779 14.8371 12.8556 15.4112 12.751 14.4607 16.0563 14.0495 19.3348 13.6222 13.1166 19.8786 14.238 17.0904 16.1649 13.5532 16.4339 15.4256 14.583 19.9968 16.2794 16.6669 13.9769 13.876 15.5815 18.8257 14.6973 14.1269 13.7088 14.9941 13.0518 15.5428 15.4434 15.9261 17.7401 17.722 14.5621 17.5705 15.4145 16.2035 15.5242 15.3533 14.9753 15.8935 13.7204 17.1526 15.5461 15.5276 16.5795 17.4878 16.2401
68.1143 7.48571 36.5714 71.7429 64.6857 11.2 37.2 30.9714 96.6571 83.8 54.4571 29.2 126.686 41.9429 17.2571 56.1714 48.2286 25.6 36.2286 17.6286 22.8571 126.286 26.4286 33.4857 130.314 36.4571 66.9714 34.4857 29.8 32.1714 39.6571 47.2571 18.4286 39.0857 38.2286 29.1429 25.4857 27.2286 19.2571 34 9.88571 19.0286 27.9714 16.0857 22.3714 56.0857 28.2571 65.2 54.1429 92.3143 45.4857 28.8 86.1429 71.9429 33.5143 10.5714 22.6286 22.8571
14.3315 14.6666 15.2328 17.8715 15.0542 18.1884 15.9713 13.6683 14.7573 12.637 15.3834 12.7949 14.4118 16.0849 14.2223 19.7912 14.4714 14.2475 19.8032 14.5422 17.4874 16.3996 13.2635 16.1213 16.5148 15.6882 19.7896 16.1506 16.5816 14.1847 14.0687 15.6442 18.2193 14.2996 14.4084 13.7514 14.9179 13.2951 15.4549 15.7876 15.8052 18.0301 17.8603 14.7412 18.1888 15.8965 16.2044 15.4066 15.8218 15.7798 16.8806 13.4564 17.8736 15.2927 16.6668 16.3845 17.6761 16.1594
14.735 7.47571 7.79465 9.09355 15.2143 18.1534 7.94243 13.9961 15.2025 12.8234 15.9167 13.395 15.0267 16.7204 14.8741 20.6091 15.7003 15.4482 20.743 15.3791 9.05063 8.68517 6.48291 8.16525 9.29761 8.76458 10.1527 8.24544 8.7669 7.62555 7.37805 8.23721 9.30198 13.9704 7.40607 7.28913 7.74094 7.10768 8.02313 16.8124 16.4883 9.44744 9.24056 15.2863 9.43331 8.60062 16.6659 7.97661 8.68209 8.83038 18.121 12.9116 9.84837 15.4364 18.1349 16.7677 9.03135 15.9319
11.1987 10.0897 12.0064 13.0705 10.6731 12.1987 10.5385 10.8654 10.8782 10.1795 12.6282 11.0385 10.6795 13.4615 12.9359 17.5962 14.0897 14.2628 16.8974 12.109 14.1218 8.32051 8.0641 11.0513 17.2179 15.5577 15.3846 12.6603 14.6474 11.4359 11.1603 11.2885 11.9808 7.75 10.3077 9.85256 10.0897 12.0128 9.89744 11.1474 10.2692 12.4167 11.7885 9.72436 12.0513 13.109 12.3269 12.0513 15.7692 14.1538 16.2628 10.1154 15.8782 11.0705 14.6923 11.8974 13.8141 11.891
0.0780142 22.7305 13.6596 28.578 0.0106383 0 12.5709 0.0070922 0.0141844 0.0283688 0.0921986 0 0.0425532 0.0248227 0.0177305 0.22695 0.0212766 0.0212766 0.0141844 0.0638298 9.78369 13.8511 8.56028 9.87589 14.8298 13.3759 17.7092 12.5071 15.2482 14.3617 11.3121 11.0674 27.6383 0.0070922 8.32624 8.14894 8.74468 7.28723 8.97872 0.0460993 0.0248227 10.3404 10.1986 0.0673759 9.68794 8.71631 0.0070922 12.3475 13.7057 11.9787 0.0141844 0.0992908 29.8333 0.117021 0.0638298 0.124113 18.6206 0.102837
13.5624 7.21511 7.3085 8.71459 15.1028 17.1668 8.20567 13.6569 14.1259 12.2329 15.0315 12 13.9528 15.4764 13.9066 18.7356 13.9035 13.2403 18.8751 13.6076 8.69045 8.07135 6.21406 7.86569 7.93179 7.48898 9.75551 7.35152 8.36411 7.18678 6.71354 7.78174 8.38615 12.3337 6.60965 6.3914 7.04197 6.25918 6.92445 13.9318 14.1899 8.09024 7.83526 13.6338 7.95173 7.18363 15.4795 7.63694 7.89297 7.36411 16.4607 11.7471 8.85205 14.8877 16.4722 16.2781 8.16369 14.9853
11.6857 7.22857 8.57143 15.1714 12.8286 17.6 6.97143 12 12.6 10.4 12.7143 11.8 13.9429 14.3429 11.8286 18.2571 13.0571 10.6571 19.6857 12.7714 9.2 6.42857 6.71429 6.8 7.25714 5.94286 8.77143 8 7.4 6.88571 7.08571 6.74286 9 13.1143 6.11429 5.6 7.2 6.08571 8.45714 16.3429 17 9.4 9.37143 14.5714 7.77143 7.65714 15.4857 6.57143 7.88571 7.82857 13.7714 12.1429 8.88571 13.6 14.3429 15.2286 8.17143 15.9429
0.0353403 8.71466 7.5 10.4856 0 0.0065445 9.28141 0.0052356 0.0104712 0.0078534 0.0301047 0 0.0340314 0.0143979 0.0143979 0.0536649 0.0026178 0.0157068 0.0091623 0.0379581 10.5314 8.16623 5.33377 8.19895 8.50393 7.99476 9.74346 7.19503 8.5733 7.51047 6.86257 8.47775 8.97251 0.0104712 6.94241 6.31937 7.14791 6.7212 6.81937 0.0117801 0.0431937 8.40969 8.0589 0.0431937 8.33377 7.94241 0.0274869 7.2801 8.66754 7.97513 0.0104712 0.0405759 9.46204 0.0314136 0.039267 0.0405759 7.65969 0.0602094
13.0837 15.2116 13.8421 18.3739 14.7525 18.0167 16.7146 12.545 13.3549 11.6903 14.3173 11.3249 12.9474 14.7317 13.621 19.1271 12.4887 11.9659 17.3292 13.8783 16.984 14.819 13.339 14.8601 14.4227 13.8035 18.4748 15.0243 15.1032 12.9194 13.0211 13.3475 15.2149 15.2572 12.518 11.6491 13.3571 11.6712 13.8042 13.4017 14.1539 16.0691 15.9265 12.8031 16.1467 14.1022 14.7597 14.0102 13.6192 13.5736 15.7172 14.201 15.9142 14.5286 14.0463 15.811 17.8933 17.6573
5.92857 9.32143 22.75 2.82143 5.92857 5.82143 3.67857 22.5357 9.17857 10.2857 11.0357 14.3214 15.0714 10.7143 10.4286 18.5 13.1429 12.3571 18.2857 16.3929 14.7143 11.3929 7.53571 9.5 18.1786 12.4643 15.1071 12.6071 15.25 10.0714 13.3571 3.75 9.28571 6.64286 11.3929 5.07143 17.7143 9.21429 16.0357 20.9643 25.3929 24.6786 23.7143 13.3929 11.6786 22.7857 21.7857 17.6071 8.42857 10.8214 5.14286 4.64286 9.60714 6.92857 28.4286 11.6429 9.17857 12.7857
13.7085 6.50251 7.47739 8.53266 14.8894 15.4422 7.72864 13.7638 14.3417 12.2161 16.3618 11.2362 14.1307 15.2261 12.5528 17.7538 12.206 12.201 18.0704 12.7085 8.12563 7.35678 4.74874 8.29146 6.78392 6.49246 9.80905 6.78894 8.38191 6.76884 6.09548 7.67337 9.10553 7.39698 6.40201 6.36181 7.60804 5.66834 6.46231 13.5628 14.3518 8.13065 8.56281 13.794 7.61307 6.9799 15.1055 6.9598 7.12563 6.79397 14.9648 7.29146 8.10553 15.206 14.799 15.2111 6.57789 11.6985
41.9403 19.9552 25.3433 70.2836 62.597 27.8657 21.0896 26.9701 15.0149 1.8806 5.38806 14.0448 5.77612 4.67164 18.3433 47.0299 9.08955 8.37313 6.77612 35.0299 35.0448 6.16418 7.8209 12.0597 15.5522 16.9701 8.55224 5.1194 4.70149 1.28358 6.01493 30.8955 38.0299 3.44776 29.3731 34.1791 18.3433 28.209 33.4179 35.6866 5.34328 26.4478 22.3284 11.9403 18.2239 28.3433 25.1194 43.1642 48.209 61.4328 70.5821 39.806 89.3284 71.9552 60.6269 25.9701 35.0896 26.2239
13.6765 7.29412 7.58824 17.9118 13.8333 17.1176 7.59804 12.6176 14.3431 12.2647 15.098 13.5196 14.2647 15.5686 14.0098 19.9314 15.2157 16.2843 19.8627 15.4608 8.28431 8.78431 6.22549 7.59804 10.2941 9.03922 9.63725 8.70588 8.48039 7.29412 7.34314 8.30392 9.01961 15 7.05882 8.42157 7.59804 7.51961 9.30392 18.8039 16.902 10.0784 10.098 15.1667 10.1176 9.10784 16.098 7.65686 8.51961 9.38235 17.7745 13.0588 10.1471 14.6471 18.0392 17.2451 10.4902 17.1863
0.286942 7.34708 7.7079 8.93471 0.111684 0.128293 7.59221 0.202749 0.20504 0.19874 0.30756 0.183849 0.162085 0.242841 0.219359 0.362543 0.224513 0.237113 0.301833 0.193013 8.81386 8.24914 7.19817 8.27835 8.71306 8.02119 9.937 8.48167 8.41466 7.48339 7.16781 7.84307 9.63058 0.228522 7.65006 7.1134 7.69588 7.11054 8.38946 0.0836197 0.14433 9.43528 9.29782 0.091638 9.31501 8.58591 0.0996564 7.87113 8.25143 8.04009 0.185567 0.198167 9.48683 0.172394 0.194158 0.204467 9.73883 0.252005
14.5852 7.12827 8.05663 8.66021 14.8896 17.302 7.71684 14.4497 15.3601 13.121 16.1099 13.1602 14.9816 16.9216 14.4056 19.8301 14.8945 14.2246 20.7367 14.8349 8.72798 8.40513 6.31171 8.40223 8.63166 8.15634 10.2832 8.05518 8.83349 7.74008 7.26379 8.33107 9.79526 12.6273 7.57454 7.17425 7.97773 6.88141 8.07841 16.3195 16.2677 9.32527 9.03582 15.3141 9.10939 8.39835 16.727 7.95886 8.59197 8.18151 17.4952 11.7173 9.37173 15.9284 17.7251 16.4293 8.61181 14.8456
15.0808 6.9856 8.07921 8.55434 14.964 17.0075 7.5384 14.4329 15.8604 13.1965 16.221 13.8528 15.238 17.2173 15.0112 20.5187 16.2931 15.6686 21.5178 15.3673 8.94355 8.94768 6.46217 8.39276 9.43836 9.00643 10.4334 8.40947 9.03303 7.85493 7.34649 8.58228 9.66667 13.0675 7.78427 7.53907 7.93923 7.22321 8.34543 17.269 16.9119 9.71285 9.38412 15.7752 9.65217 8.81912 17.2037 8.17838 9.06183 9.02775 18.6045 12.2934 10.0896 15.9093 18.8027 16.8386 9.11482 15.4243
14.5333 7.5116 7.68793 9.1719 15.3031 18.5044 8.16271 13.7386 15.0579 12.7359 15.773 13.1685 14.6183 16.4805 14.9382 20.5488 15.5968 14.9656 20.3484 15.2413 9.17391 8.52055 6.62596 8.09561 9.09897 8.65293 10.048 8.20676 8.61285 7.53152 7.3207 8.08964 9.10405 14.6042 7.40059 7.06906 7.52153 7.05753 8.13513 16.4002 16.4921 9.34221 9.01857 15.055 9.36223 8.5472 16.71 7.83421 8.5101 8.50338 18.4408 13.6014 9.65475 15.3983 17.767 16.5197 9.17316 16.6152
11.5667 13.9957 12.1307 16.5636 12.564 15.4896 15.299 11.0133 11.5947 10.3687 13.29 10.0131 11.7008 13.6589 12.2196 17.2479 9.99591 8.8045 14.7571 11.9204 14.5444 12.8753 12.7783 13.1284 11.8699 11.4325 16.7325 13.8088 13.1098 11.3683 11.8387 9.98875 11.8231 13.5301 10.5812 9.88303 11.292 10.0701 11.7292 11.0683 12.2493 13.8802 13.7209 10.9352 14.1699 12.4732 12.3857 12.3689 11.1524 10.4945 14.3648 13.4947 13.3532 13.2836 10.8307 14.32 16.5409 17.1485
13.7289 14.6184 14.3288 17.6614 14.3981 17.4638 15.8141 12.9811 14.194 12.0477 14.9725 12.3419 13.8624 15.7808 14.4844 20.2266 14.3268 13.8722 18.7847 14.6928 17.2059 16.0001 13.8503 15.2747 16.6001 16.0038 19.121 16.0171 16.1223 14.0937 14.0708 14.2614 16.1846 15.1872 13.5231 12.6174 13.9387 12.8802 15.1057 14.9666 15.5508 17.4271 17.0681 13.9125 17.5892 15.9284 15.4936 14.6318 15.4005 15.3407 17.6841 14.8588 17.7365 14.9385 15.8235 16.1707 18.5863 18.2344
14.3931 14.1085 15.7073 17.1606 14.9 17.402 15.248 14.1645 14.8584 12.8837 15.5144 12.7537 14.54 16.0703 13.8617 19.0985 13.6159 13.119 19.9334 14.0763 16.8878 16.159 13.0972 16.5714 15.4334 14.5526 20.0283 16.0721 16.6849 13.9291 13.7931 15.7558 19.0258 13.8279 14.2589 13.7516 15.2115 13.112 15.4415 15.5276 15.8029 17.8313 17.8685 14.6882 17.8397 15.6023 16.3305 15.6328 15.4197 14.9721 15.8663 12.8794 17.0728 15.5925 15.6094 16.5697 17.0506 15.5827
14.0306 14.4147 15.0446 17.5909 15.0733 17.2058 15.8833 13.5505 14.6268 12.5267 15.2936 12.6183 14.2157 15.8472 13.9515 19.4144 14.4725 14.0407 19.5576 14.338 17.8136 16.2363 12.0406 15.995 16.6694 15.8667 19.4943 15.4128 16.6103 14.377 13.7355 15.7574 17.7241 12.1105 14.111 13.5594 14.7356 13.1808 15.2718 15.6286 15.6476 17.8213 17.4645 14.5804 17.6541 15.7961 16.2317 15.1628 15.941 15.7834 17.0936 11.5767 17.9524 15.2078 16.8464 16.2038 16.7655 14.7908
14.6489 7.59947 8.02569 9.36858 15.607 18.1364 8.333 14.1354 15.0837 13.1219 15.7984 13.084 14.5988 16.3933 14.8126 20.191 14.9595 14.1341 20.4578 14.7783 9.29414 8.53393 6.29875 8.34881 8.56719 8.28722 10.0524 8.46113 8.77108 7.48518 7.29084 8.2388 9.49209 13.3225 7.39394 7.14163 7.74704 6.8027 8.03623 16.1614 16.2619 9.23155 8.99078 14.9713 9.33037 8.49506 16.6568 7.93577 8.55797 8.41996 17.4433 12.7592 9.44598 16.0043 17.4615 16.8646 9.04842 15.7059
14.4315 14.7106 15.1655 17.9359 15.0874 18.0344 16.1342 13.599 14.997 12.6993 15.6236 13.136 14.4887 16.4448 14.8269 20.4975 15.2869 15.1 20.1565 15.0559 17.9957 16.7663 13.561 16.0038 17.6077 16.8102 19.8566 16.4767 16.9771 14.7966 14.3887 15.9687 18.011 15.1958 14.4313 13.8043 14.9484 13.5627 15.9344 16.123 16.2586 18.452 17.8011 14.8461 18.3474 16.4936 16.2867 15.4883 16.5401 16.496 17.9184 14.0868 18.7788 15.3281 17.0646 16.5771 18.3481 17.0799
4.28571 5.69388 3.32653 6.02041 5.14286 6.97959 5.5102 3 6.61224 5.14286 5.87755 4.32653 4.28571 4.97959 4.04082 7.28571 3.30612 4.18367 8.42857 6.69388 5.83673 6.18367 5.79592 4.95918 3.40816 5.06122 4.89796 6.73469 3.7551 3.85714 4.71429 4.97959 5.26531 6.57143 6.81633 6.04082 6.44898 4.08163 4.5102 6.18367 4.95918 5.79592 6.46939 5.71429 6.5102 5.57143 6.46939 5.38776 5.44898 4.85714 6.4898 6.97959 5.7551 5.32653 3.7551 5.36735 5.08163 7.28571
13.8405 15.0565 14.4245 18.3516 14.8034 18.1297 16.3894 12.9294 14.2945 12.032 14.9817 12.3592 13.9095 15.8644 14.502 20.2623 14.3935 14.3769 18.9168 14.7726 17.9978 16.4673 14.0193 15.4892 16.8673 16.5707 19.2451 16.1697 16.2803 14.3073 14.0326 14.6471 16.6038 16.3425 13.9052 13.094 14.0741 13.2877 15.7984 15.3584 16.0865 17.9029 17.5304 14.1559 18.3765 16.5007 15.7418 14.8376 15.8909 16.2068 17.5948 14.8962 18.3085 14.8201 15.4956 16.2441 18.8123 18.6094
14.2907 14.984 14.9015 18.1895 15.0442 18.2421 16.219 13.4019 14.8343 12.5207 15.5031 12.9679 14.3532 16.2747 14.7655 20.4859 15.1163 14.9018 19.6991 15.052 18.0525 16.7655 13.8554 15.7824 17.3798 16.9451 19.6439 16.389 16.724 14.6205 14.2552 15.3924 17.216 15.6305 14.3639 13.5533 14.5481 13.6759 15.9732 16.0478 16.3547 18.2877 17.9492 14.6995 18.636 16.8757 16.3117 15.2543 16.3474 16.6072 17.9768 14.3866 18.6705 15.1763 16.6211 16.5054 18.6412 17.8233
0.0322581 10.9758 10.4093 13.4617 0 0.00201613 13.5302 0 0 0.0221774 0.0383065 0.00201613 0.0403226 0.0302419 0.0423387 0.114919 0.00201613 0.0322581 0.0383065 0.0725806 14.6895 11.3024 6.73387 11.1673 11.2379 11.131 13.9758 9.21169 11.6371 10.494 8.9496 12.1694 12.1169 0.00806452 9.84879 9.29032 9.74798 9.10081 9.72984 0.0705645 0.0604839 11.75 11.0665 0.0504032 11.4214 10.7762 0.0141129 10.248 12.3528 11.7863 0.00201613 0.0362903 12.4698 0.0181452 0.0725806 0.0423387 10.6391 0.0201613
14.8612 7.50632 7.66041 9.1813 15.3913 18.6416 8.19049 13.9866 15.3668 12.803 16.0061 13.3492 14.816 16.7888 15.366 21.2039 16.1058 15.4005 20.5263 15.6186 9.04638 8.58758 7.09391 8.11614 9.29782 8.86048 10.2028 8.54772 8.65581 7.5918 7.29552 8.1031 9.17861 16.3388 7.48984 6.96627 7.53085 6.93024 8.07551 16.3898 16.6619 9.39517 9.27328 15.1644 9.51782 8.77233 16.767 7.88655 8.78344 8.82867 18.767 14.8291 9.81142 15.5979 17.6263 17.1319 9.52166 18.1767
13.0632 14.3728 14.3427 17.4254 14.7999 16.7105 16.1457 13.0816 13.4424 11.9842 14.3336 11.2373 13.2346 14.3837 12.3379 17.512 11.7586 11.5145 17.5618 12.6964 16.7186 14.7318 10.6051 15.4724 13.2888 13.046 18.518 14.0825 14.8297 12.6352 12.2559 13.2338 16.1653 9.08782 12.7324 11.6299 13.6904 11.4257 13.7038 13.6486 14.5387 16.0509 16.5098 13.1131 16.0064 13.4876 15.136 14.0173 13.3922 13.251 14.7882 9.60474 14.9113 14.7707 14.0475 15.713 15.5664 13.6509
0.107759 12.6315 12.0754 15.3233 0.0775862 0.0366379 15.2177 0.0625 0.0775862 0.0237069 0.0689655 0.0344828 0.0969828 0.103448 0.0517241 0.217672 0.0431034 0.0668103 0.0862069 0.1875 13.7392 12.7241 8.40948 13.0022 11.9181 11.5668 15.9375 11.8427 12.7651 11.6703 10.6552 12.8599 14.4246 0.0387931 11.5259 9.96552 11.8513 9.78017 12.319 0.0840517 0.114224 13.3341 13.7371 0.0581897 12.8491 11.6099 0.105603 13.0086 13.7241 12.6013 0.103448 0.0883621 13.5345 0.103448 0.101293 0.0991379 10.6164 0.0969828
13.0743 15.0127 14.1166 18.2385 14.8676 17.8967 16.5263 12.8036 13.6827 11.7844 14.4527 11.6519 13.1835 14.9639 13.5257 19.0215 12.9722 12.2862 17.9719 13.7647 17.2245 14.935 12.5541 14.9634 15.0341 14.1985 18.5385 15.0749 15.5981 13.3479 13.2583 14.1471 15.9545 13.9518 12.864 12.3549 13.6086 11.8974 13.7135 13.811 14.4106 16.3399 15.9954 13.2628 16.0106 14.1909 14.9766 14.2182 14.1652 13.7416 15.9904 12.9325 16.5962 14.7021 15.0197 15.7046 17.0263 16.0807
15.2804 7.10592 8.14091 8.64735 14.916 17.4524 7.53242 14.3606 15.7491 13.4287 16.2108 14.0206 15.3587 17.2915 15.3834 21.0042 16.5275 15.5885 21.7986 15.8471 8.86733 8.94796 7.03314 8.52583 9.4607 9.00494 10.5196 8.72759 9.01318 7.96618 7.50102 8.60035 9.8307 15.5424 7.75153 7.43027 7.93527 7.31457 8.52573 17.1114 17.1115 9.671 9.40469 15.8213 9.62138 8.99564 17.2797 8.31883 9.20748 9.16504 18.4838 14.2295 10.1478 16.0012 18.6207 17.0768 9.66344 17.0773
4.32584 1.02247 3.64045 7.26966 7.31461 1.8427 2.10112 2.38202 7.48315 7.52809 5.31461 5.86517 9.42697 4.75281 5.37079 12.9888 8.77528 3.26966 5.24719 4.06742 7.29213 8.19101 4.32584 10.9326 13.6067 6.24719 7.48315 4.96629 3.21348 3.62921 6.26966 3.61798 0.483146 2.46067 7.44944 6.4382 4.57303 8.33708 5.02247 7.13483 3.77528 6.47191 8.85393 6.64045 9.26966 9.37079 5.58427 4.21348 4.26966 4.88764 10.4382 3.22472 8.86517 10.4045 7.35955 5.4382 5.1573 3.48315
13.5311 7.41806 7.39398 9.20134 15.1465 17.8274 8.34515 12.8348 13.9853 12.1438 14.9639 12.4381 13.9291 15.5632 14.1739 20.0408 14.1465 13.5806 19.1431 14.5512 8.81538 8.18328 6.0602 7.8 8.51505 8.13311 9.63545 7.74983 8.23278 7.34247 7.07692 7.58261 8.47023 13.3318 6.87893 6.48428 7.00736 6.67023 7.30635 15.1839 15.105 8.67023 8.46555 14.1806 8.52843 7.81271 15.7993 7.57391 7.67692 7.6796 18.0475 11.7284 9.19398 14.9385 16.6649 15.8334 8.30368 14.586
14.5051 7.49437 7.75144 9.25494 15.2941 18.504 8.1286 13.8122 15.1118 12.7049 15.343 12.9791 14.4563 16.3538 14.5564 20.1684 14.9949 14.0324 20.0459 14.7691 8.8993 8.26995 6.74381 8.1331 8.44058 8.14623 10.0632 8.08231 8.51076 7.339 7.15362 7.8694 9.12609 14.6617 7.32162 6.93433 7.5279 6.83175 7.86953 15.978 15.8679 9.16375 8.94008 14.8863 9.21028 8.35502 16.5101 7.83638 8.19227 8.15612 17.3196 13.6619 9.29197 15.3918 17.0974 16.5934 8.92682 16.4962
