0.0036135 0.00198743 0.00388451 0.00390258 0.00332442 0.00402905 0.00227651 0.0020597 0.00263786 0.00215003 0.00256559 0.00296307 0.00218617 0.00189709 0.00207776 0.00238491 0.00285467 0.00169835 0.00238491 0.00258365 0.00178868 0.00258365 0.00112019 0.00330635 0.00260172 0.00204163 0.00171641 0.00169835 0.00256559 0.00245718 0.00471562 0.00321602 0.00383031 0.00164414 0.00209583 0.00173448 0.00225844 0.00209583 0.00168028 0.00177062 0.00135506 0.00180675 0.00209583 0.0013912 0.00224037 0.00256559 0.00243911 0.0020597 0.00332442 0.00298114 0.0035051 0.00314375 0.00339669 0.00310761 0.002945 0.00252945 0.00431813
0.00217252 0.00140575 0.00161874 0.00208733 0.00166134 0.00374867 0.00166134 0.00132055 0.00200213 0.00208733 0.00191693 0.00391906 0.00140575 0.00157614 0.00157614 0.00170394 0.00242812 0.000638978 0.0028541 0.00221512 0.000979766 0.00144835 0.00153355 0.00204473 0.00166134 0.00119276 0.00102236 0.00170394 0.00221512 0.00161874 0.00668797 0.00438765 0.005836 0.00106496 0.00217252 0.00132055 0.00310969 0.00123536 0.000937167 0.00166134 0.00115016 0.00149095 0.00140575 0.00208733 0.00251331 0.000979766 0.00230032 0.00195953 0.00221512 0.00208733 0.00191693 0.00119276 0.000979766 0.00238552 0.00170394 0.00132055 0.00178914
0.0113887 0.0121234 0.0095518 0.000734754 0.000734754 0.0168993 0.00183688 0 0.000367377 0.000734754 0.00183688 0.00110213 0 0.000734754 0.000734754 0 0.00183688 0.000367377 0.00110213 0.0121234 0.00661278 0.016532 0.00624541 0.00844967 0.00844967 0.0047759 0.00734754 0.00881705 0.0132256 0.0202057 0.031227 0.0202057 0.00514328 0.019471 0.0205731 0.0231447 0.0143277 0.0154298 0 0.000367377 0.00881705 0.00551065 0 0.00330639 0.00587803 0 0.0095518 0.0102866 0.0113887 0 0.00110213 0.00734754 0.000367377 0.00110213 0.00146951 0.00514328 0
0.0278689 0.0131148 0.00655738 1 1 0.0278689 1 1 1 0.996721 1 0.991803 1 1 0.993443 1 0.995082 0.998361 0.993443 0.00655738 0.00819672 0.0229508 0.0114754 0.00655738 0.00819672 0.00163934 0.00491803 0.00655738 0.0131148 0.0180328 0.00655738 0.00983607 1 0.0180328 0.0295082 0.0131148 0.0163934 0.0131148 0.996721 0.998361 0.00655738 0.00491803 0.998361 0.00655738 0.0114754 0.998361 0.00819672 0.00491803 0.0131148 1 0.998361 0.00327869 1 0.996721 0.998361 0.00491803 0.993443
0.00293529 0.000400267 0.00226818 0.0024016 0.00226818 0.0048032 0.00106738 0.0012008 0.00280187 0.000933956 0.00133422 0.0036024 0.00146765 0.00133422 0.00106738 0.000800534 0.00133422 0.00146765 0.00253502 0.0024016 0.000933956 0.00186791 0.000533689 0.0012008 0.0012008 0.00200133 0.00146765 0.00146765 0.000667111 0.00146765 0.00426951 0.00293529 0.00333556 0.000933956 0.0024016 0.00213476 0.00160107 0.00186791 0.00226818 0.00293529 0.000667111 0.000667111 0.00160107 0.00106738 0.00133422 0.000667111 0.00213476 0.00213476 0.0024016 0.00200133 0.00306871 0.00293529 0.00160107 0.00253502 0.00173449 0.00146765 0.00160107
0.0324212 0.00446163 0.0157644 0.00178465 0.00118977 0.0214158 0.000594884 0.000594884 0.000892326 0.000594884 0.000594884 0.000892326 0.000594884 0.000892326 0.000594884 0.000594884 0.000594884 0.000594884 0.000594884 0.0133849 0.0035693 0.0193337 0.00654372 0.000594884 0.0035693 0.00327186 0.00386675 0.00237954 0.00951814 0.00803093 0.00446163 0.00416419 0.00267698 0.00981559 0.0145747 0.00892326 0.0133849 0.00535396 0.000297442 0 0.00505651 0.00505651 0.000892326 0.00267698 0.00475907 0.000297442 0.00594884 0.00446163 0.00297442 0.000892326 0.00148721 0.0035693 0.000594884 0.00178465 0.00416419 0.00386675 0.00178465
0.0241339 0.0016818 0.0237975 0.0297679 0.0246384 0.0305247 0.00319543 0.00269088 0.00554995 0.00302725 0.00496132 0.00445678 0.00235452 0.00201816 0.00201816 0.00336361 0.00538177 0.00269088 0.00294316 0.0301043 0.00184998 0.00193407 0.00210225 0.00378406 0.00210225 0.00210225 0.00184998 0.00235452 0.00201816 0.00378406 0.0726539 0.0462496 0.04667 0.00588631 0.00655903 0.00479314 0.00454087 0.00243861 0.00412042 0.00327952 0.00151362 0.00277497 0.00521359 0.00336361 0.00260679 0.00395224 0.00285906 0.00285906 0.00496132 0.00184998 0.0025227 0.00294316 0.00277497 0.00369997 0.00395224 0.00151362 0.0016818
0.0144479 0.0106639 0.00515996 0.00171999 0.00206398 0.0154799 0 0.00240798 0.00103199 0.00103199 0.00103199 0.00206398 0.00103199 0.00103199 0 0.00137599 0.00103199 0.00103199 0.00171999 0.00825593 0.00825593 0.0206398 0.00791194 0.00653595 0.00378397 0.00240798 0.00619195 0.00447196 0.0103199 0.0130719 0.0110079 0.00447196 0.00240798 0.0147919 0.0199518 0.0103199 0.0151359 0.00928793 0.00103199 0.000343997 0.00859993 0.00481596 0.000687994 0.00619195 0.00859993 0 0.00756794 0.00756794 0.00515996 0.00103199 0.000343997 0.00240798 0.000343997 0.00171999 0.00103199 0.00447196 0.00137599
0.00285333 0.0014942 0.00209357 0.00265917 0.00221175 0.0034527 0.00140134 0.00190785 0.00189097 0.00151108 0.00170525 0.00260852 0.00146888 0.00143511 0.00160394 0.0016968 0.00232994 0.00103834 0.00238903 0.00237215 0.00130004 0.00192473 0.00142667 0.0017559 0.00156173 0.00145199 0.00119874 0.00124095 0.00220331 0.00157018 0.00523392 0.00319945 0.00463455 0.00172213 0.00198383 0.00176434 0.00202603 0.00131692 0.00140978 0.00154485 0.00114809 0.00135913 0.00165459 0.00131692 0.00291242 0.00143511 0.00207669 0.00200071 0.00250722 0.0013929 0.00241436 0.00142667 0.00156173 0.00198383 0.00180655 0.00133381 0.0019585
0.0195531 0.0111732 0.0027933 0.00139665 0.00139665 0.0181564 0.0027933 0.0027933 0.0027933 0.0027933 0.00139665 0.00698324 0.0027933 0.00418994 0 0.0027933 0.0027933 0.00139665 0.00418994 0.00837989 0.00698324 0.0488827 0.00698324 0.0153631 0.0139665 0.00558659 0.0139665 0.00698324 0.0111732 0.0209497 0.0125698 0.00418994 0.00558659 0.0181564 0.023743 0.00977654 0.0307263 0.0181564 0.00139665 0 0.00977654 0.0125698 0.00139665 0.00139665 0.0111732 0.00139665 0.0195531 0.0167598 0.0139665 0.00558659 0.00418994 0.00977654 0.0027933 0.00418994 0.00698324 0.0153631 0
0.0135135 0.0106686 0.00900901 0.00189663 0.000711238 0.0161214 0.00213371 0.00165955 0.00284495 0.00213371 0.00213371 0.00426743 0.00189663 0.00165955 0.00142248 0.00142248 0.00308203 0.00142248 0.00426743 0.0116169 0.00782361 0.0267899 0.00853485 0.00972025 0.011854 0.00545282 0.00900901 0.00900901 0.0146989 0.0175439 0.0156472 0.00616406 0.00403035 0.0177809 0.0203888 0.0137506 0.0220484 0.0146989 0.000237079 0.000237079 0.00640114 0.00497866 0.000948317 0.00782361 0.00948317 0.000711238 0.0125652 0.0125652 0.0156472 0.0011854 0.0011854 0.00948317 0.000237079 0.00237079 0.00331911 0.00474158 0.00142248
0.00672559 0.00291572 0.00612948 0.00532604 0.00747719 0.00835839 0.00622019 0.00364141 0.00353774 0.0026695 0.00317489 0.00425047 0.0028898 0.00584439 0.00734761 0.00331744 0.00444485 0.00225482 0.00387466 0.00803442 0.0033304 0.00334335 0.00662192 0.00353774 0.00336927 0.00241033 0.00620724 0.0020086 0.0043023 0.00667375 0.00916183 0.0051187 0.00732169 0.0071921 0.00737352 0.00619428 0.00802146 0.00733465 0.0075679 0.00330448 0.00198269 0.00729577 0.00787891 0.00725689 0.00883786 0.00308418 0.00462627 0.004082 0.00606469 0.00338223 0.00588327 0.00368028 0.00299347 0.00506687 0.0065312 0.00777524 0.00808625
0.0196078 0.0318627 0.00735294 1 1 0.0710784 1 0.997549 1 0.995098 0.997549 0.992647 0.992647 0.995098 0.987745 1 0.997549 0.997549 0.982843 0.0122549 0.0147059 0.0539216 0.0147059 0.0245098 0.0171569 0.0147059 0.0441176 0.0196078 0.0245098 0.0294118 0.0441176 0.0122549 1 0.00980392 0.0122549 0.0147059 0.00980392 0.0220588 0.997549 0.987745 0.00980392 0.00980392 0.997549 0.0171569 0.0196078 1 0.0857843 0.0416667 0.0441176 0.992647 0.997549 0.00735294 0.985294 0.987745 1 0.0171569 0.997549
0.119048 0.0555556 0.0634921 0.0555556 0.0396825 0.0952381 0.015873 0.031746 0.031746 0.00793651 0.00793651 0.0396825 0.0396825 0.015873 0.00793651 0.0396825 0.0396825 0.015873 0.0396825 0.0238095 0.00793651 0.015873 0.0396825 0.0238095 0.047619 0.015873 0.0714286 0.0634921 0.0714286 0.047619 0.0873016 0.0634921 0.0634921 0.047619 0.031746 0.00793651 0.047619 0.00793651 0.00793651 0.00793651 0 0.00793651 0.00793651 0.00793651 0.00793651 0.00793651 0.0555556 0.0634921 0.0714286 0.0238095 0.0396825 0.0555556 0.047619 0 0 0.015873 0.00793651
0.0410448 0.00746269 0.0373134 0.212687 0.205224 0.0149254 0.205224 0.212687 0.208955 0.208955 0.220149 0.220149 0.208955 0.216418 0.205224 0.208955 0.216418 0.201493 0.208955 0.0186567 0.011194 0.0335821 0.011194 0.0186567 0.0447761 0.00746269 0.00746269 0.00746269 0.0149254 0.0447761 0.0373134 0 0.220149 0.0485075 0.0708955 0.00746269 0.0298507 0.0149254 0.205224 0.208955 0.0223881 0.011194 0.212687 0 0.00746269 0.216418 0.0298507 0.0186567 0.0522388 0.220149 0.212687 0.0223881 0.216418 0.216418 0.208955 0 0.216418
0.00198783 0.00106452 0.00181403 0.00152075 0.0014773 0.00250923 0.000890723 0.000912448 0.00148816 0.00133609 0.00120574 0.00170541 0.000662611 0.00101021 0.000879861 0.00109711 0.000977623 0.000521399 0.001738 0.00143385 0.000847274 0.00119487 0.000695199 0.000847274 0.000923311 0.000630024 0.000847274 0.000662611 0.000792961 0.00102107 0.00220508 0.00145557 0.0021725 0.00124919 0.00110797 0.000912448 0.000977623 0.000803824 0.000858136 0.00108625 0.000716924 0.0011297 0.00148816 0.000934173 0.00118401 0.00115142 0.00142299 0.00140126 0.0019987 0.000977623 0.00321529 0.00109711 0.0013035 0.00132522 0.0014773 0.00111884 0.00172713
0.00912627 0.0047622 0.00699783 0.0104738 0.00967752 0.00895783 0.00520626 0.00353719 0.00460907 0.00281751 0.00444063 0.00496126 0.0051297 0.00418032 0.00243469 0.00416501 0.00352188 0.00241938 0.0054972 0.011025 0.0025725 0.00343001 0.00370563 0.00303188 0.00333813 0.00267969 0.00246532 0.00369032 0.00398126 0.00274094 0.0188344 0.0116528 0.0120356 0.00629345 0.00441001 0.00399657 0.00425688 0.00411907 0.00349126 0.0025725 0.00234282 0.00385876 0.00618626 0.00346063 0.00284813 0.0025725 0.00378219 0.00333813 0.00393532 0.00557376 0.00535939 0.00277157 0.0051297 0.00312376 0.00297063 0.00306251 0.00246532
0.0352 0.0256 0.0144 1 1 0.064 0.9968 1 1 0.9968 1 0.9936 1 0.9984 0.9904 1 0.9968 1 0.9904 0.0064 0.0336 0.0528 0.0112 0.0272 0.032 0.0288 0.0272 0.0176 0.0224 0.0336 0.064 0.0176 1 0.0144 0.0208 0.0128 0.0256 0.0208 0.984 0.9952 0.0096 0.0112 0.9968 0.0128 0.0208 0.9984 0.072 0.064 0.064 1 0.9984 0.0192 0.9936 0.9936 0.9952 0.0224 0.9936
0.00190788 0.000856378 0.00158267 0.00217889 0.00179948 0.00379408 0.00114906 0.00096478 0.0011057 0.00148511 0.0011599 0.00211384 0.00096478 0.000878058 0.00126831 0.00134419 0.00135503 0.000596212 0.00200544 0.00190788 0.000813017 0.000986461 0.00137671 0.00118158 0.00096478 0.000834697 0.000845538 0.00109486 0.00137671 0.00109486 0.00521415 0.00278594 0.00397836 0.00134419 0.00138755 0.00133335 0.00152847 0.00117074 0.00111654 0.00117074 0.000693774 0.00101898 0.00122495 0.0011057 0.00178864 0.000921419 0.001832 0.0019946 0.00221141 0.00111654 0.00132251 0.000813017 0.00106234 0.00145259 0.00165855 0.00138755 0.00124663
0.0194783 0.00878261 0.00991304 0.00121739 0.000347826 0.0173043 0.000434783 0.000695652 0.000869565 0.000608696 0.000782609 0.0013913 0.000608696 0.000695652 0.000869565 0.000608696 0.0013913 0.000347826 0.000782609 0.008 0.00452174 0.018 0.00678261 0.00426087 0.00556522 0.002 0.00547826 0.00452174 0.00921739 0.0111304 0.00921739 0.00713043 0.00208696 0.0136522 0.0153043 0.0126957 0.0133913 0.00747826 0.000347826 0.000347826 0.00695652 0.00469565 0.000956522 0.00356522 0.00547826 0 0.00817391 0.00669565 0.00626087 0.000608696 0.00113043 0.00521739 0.000521739 0.00173913 0.00304348 0.00452174 0.000782609
0.00431517 0.00399553 0.00447499 0.00495445 0.00543391 0.00799105 0.00479463 0.00319642 0.00479463 0.00431517 0.00351606 0.00751159 0.0038357 0.0030366 0.0030366 0.00655266 0.00335624 0.00287678 0.00655266 0.00319642 0.00367588 0.00335624 0.0038357 0.00367588 0.0030366 0.0038357 0.0038357 0.0030366 0.00271696 0.00335624 0.00831069 0.00655266 0.00751159 0.00399553 0.00527409 0.00511427 0.00399553 0.00287678 0.00351606 0.00431517 0.00159821 0.00431517 0.00415535 0.00351606 0.00559374 0.00479463 0.00319642 0.00463481 0.00447499 0.00399553 0.00351606 0.0038357 0.0030366 0.00415535 0.00223749 0.00335624 0.00335624
0.00219185 0.00114587 0.00191566 0.00176876 0.00204494 0.00307917 0.00121639 0.000887317 0.00128103 0.00122814 0.00141618 0.00218597 0.00118113 0.00103422 0.000887317 0.00119288 0.00129866 0.000569998 0.00209783 0.00135154 0.000728657 0.00146907 0.000763915 0.00118701 0.000934327 0.00099309 0.00125752 0.000887317 0.00156896 0.000857935 0.00346112 0.0026737 0.00285587 0.00108711 0.00115763 0.00114587 0.00123402 0.000863812 0.000963708 0.000893193 0.000705152 0.000987213 0.00118701 0.000705152 0.00109299 0.000658142 0.00132804 0.00127515 0.0021037 0.00115763 0.00191566 0.00114587 0.00129278 0.00177463 0.00166298 0.00106948 0.00145731
0.659574 0.574468 0.680851 0.638298 0.680851 0.851064 0.659574 0.680851 0.617021 0.680851 0.574468 0.808511 0.659574 0.659574 0.659574 0.531915 0.595745 0.574468 0.723404 0.659574 0.617021 0.531915 0.659574 0.617021 0.574468 0.617021 0.531915 0.617021 0.680851 0.617021 0.87234 0.638298 0.829787 0.617021 0.659574 0.595745 0.893617 0.531915 0.702128 0.595745 0.531915 0.595745 0.723404 0.531915 0.638298 0.553191 0.638298 0.531915 0.808511 0.404255 0.531915 0.468085 0.510638 0.425532 0.446809 0.361702 0.319149
0.0214188 0.00942426 0.0104524 0.00154215 0.00119945 0.016621 0.000685401 0.000856751 0.0010281 0.000685401 0.0010281 0.0010281 0.000685401 0.0010281 0.000514051 0.000856751 0.0010281 0.000514051 0.00119945 0.0126799 0.00496916 0.0176491 0.00942426 0.00514051 0.00548321 0.0027416 0.00651131 0.00548321 0.0113091 0.0128513 0.0107951 0.00873886 0.00154215 0.0159356 0.0188485 0.0138794 0.0209047 0.00993831 0.0010281 0.000685401 0.00942426 0.00548321 0.000685401 0.00548321 0.0133653 0.000514051 0.010281 0.00685401 0.00856751 0.0017135 0.000685401 0.00565456 0.000856751 0.0027416 0.00325565 0.00565456 0.000685401
0.0288462 0.00721154 0.0144231 1 1 0.0288462 1 1 1 0.997596 1 0.992788 0.997596 0.997596 0.992788 1 1 1 1 0.00961538 0.0168269 0.0168269 0.00480769 0.0168269 0.0240385 0.0144231 0.00721154 0.00721154 0.00961538 0.0168269 0.0168269 0.00480769 1 0.0264423 0.03125 0.0192308 0.0216346 0.00480769 0.997596 0.992788 0.00961538 0.00721154 1 0.00721154 0.00721154 1 0.0144231 0.00721154 0.0144231 1 0.995192 0.0120192 1 0.997596 1 0.00480769 1
0.0580205 0.16041 0.0546075 1 1 0.197952 1 1 1 0.989761 1 0.993174 1 1 0.996587 1 1 1 1 0.0409556 0.139932 0.153584 0.0477816 0.139932 0.156997 0.0409556 0.1843 0.112628 0.133106 0.194539 0.25256 0.0341297 1 0.0853242 0.0716724 0.0614334 0.0648464 0.0784983 1 1 0.0750853 0.0614334 1 0.0614334 0.0273038 1 0.232082 0.197952 0.187713 1 1 0.0375427 0.996587 1 1 0.0648464 1
0.00361784 0.00171847 0.0033465 0.00271338 0.00304501 0.00467304 0.00247219 0.00150743 0.00159788 0.00147728 0.002231 0.00304501 0.00141699 0.00177877 0.000964756 0.00177877 0.00286412 0.0010552 0.00301486 0.00244204 0.00168832 0.00147728 0.00132654 0.00186922 0.00150743 0.00147728 0.00141699 0.00150743 0.00186922 0.00232144 0.00820043 0.0055775 0.00530616 0.00192951 0.00316561 0.00268323 0.00238174 0.00232144 0.00177877 0.00165817 0.000814013 0.00144713 0.002231 0.00087431 0.00262293 0.00135669 0.00376858 0.00232144 0.00319576 0.00177877 0.00171847 0.00189936 0.00174862 0.00274353 0.00174862 0.00141699 0.00153758
0.0238689 0.00676879 0.00712504 0.000712504 0.000356252 0.0174564 0.00178126 0.00178126 0.00213751 0.00178126 0.00106876 0.00356252 0.00178126 0.00142501 0 0.00178126 0.00285002 0.00213751 0.00427503 0.00605629 0.00676879 0.0334877 0.00498753 0.00534378 0.00926256 0.00213751 0.00676879 0.00463128 0.0124688 0.0146063 0.00463128 0.00213751 0.00570004 0.0074813 0.0103313 0.0074813 0.0117563 0.00783755 0 0.000356252 0.00712504 0.00391877 0.000356252 0.00320627 0.00570004 0 0.00570004 0.00570004 0.00463128 0.000712504 0.000712504 0.00463128 0 0.000712504 0.00106876 0.00641254 0.00106876
0.0181518 0.0049505 0.0132013 0.0049505 0.0049505 0.0181518 0 0 0.00165017 0 0 0.00165017 0.00165017 0 0 0.00165017 0 0 0 0.0148515 0.00825083 0.0132013 0.0115512 0.00660066 0.0148515 0.0049505 0.0132013 0.00165017 0.0115512 0.00825083 0.0165017 0.00825083 0.00330033 0.0445545 0.0346535 0.0132013 0.0330033 0.029703 0 0 0.0132013 0.00660066 0 0.00660066 0.0132013 0 0.0148515 0.0115512 0.0181518 0.00165017 0 0.0049505 0.00165017 0 0.00660066 0.00660066 0.00165017
0.00235217 0.00125342 0.00208795 0.00232317 0.00212984 0.00322859 0.00130819 0.000992422 0.00132108 0.00110842 0.00176896 0.00222328 0.0011342 0.00125664 0.00103431 0.0015273 0.00184629 0.000699206 0.00225228 0.00224906 0.00106975 0.0015563 0.00111809 0.00125019 0.00120831 0.00113742 0.000860313 0.00114386 0.00147252 0.00140808 0.00446912 0.00262605 0.00343803 0.00149185 0.00169163 0.00155308 0.00169163 0.00116964 0.00119542 0.00119864 0.000863536 0.00119219 0.00148541 0.00131464 0.00141452 0.00128886 0.0015853 0.00152408 0.00172063 0.00118897 0.00157241 0.00115031 0.00113097 0.00216851 0.00175607 0.00124053 0.00121475
0.00512976 0.00315385 0.00505377 0.00490177 0.00528176 0.00547175 0.00421781 0.0112095 0.0123494 0.0125394 0.00737166 0.00474978 0.0127294 0.00353384 0.00307786 0.00467379 0.00630771 0.00341984 0.00516776 0.00345784 0.00493977 0.0042558 0.00364783 0.0044078 0.00421781 0.0116655 0.00262188 0.00410381 0.00341984 0.00330585 0.00516776 0.00406581 0.0153893 0.00376183 0.00387582 0.0042558 0.0042558 0.00250788 0.00376183 0.00410381 0.00148193 0.0043318 0.00391382 0.00391382 0.00452179 0.00539575 0.00292587 0.00406581 0.00501577 0.00539575 0.00562374 0.00372383 0.00391382 0.00539575 0.00379983 0.00322985 0.00391382
0.0442708 0.0494792 0.0286458 1 1 0.125 1 1 1 0.997396 0.997396 0.992188 0.994792 0.997396 0.986979 1 0.997396 1 0.994792 0.0104167 0.0364583 0.101562 0.0078125 0.0338542 0.0494792 0.0260417 0.0546875 0.0572917 0.0546875 0.0963542 0.130208 0.0260417 1 0.03125 0.0260417 0.0364583 0.0208333 0.0364583 1 0.997396 0.0234375 0.0130208 0.992188 0.0104167 0.0208333 0.997396 0.106771 0.0963542 0.0572917 1 1 0.0130208 1 1 1 0.0338542 1
0.0280811 0.0234009 0.0202808 0.669267 0.664587 0.0280811 0.673947 0.673947 0.666147 0.672387 0.678627 0.673947 0.670827 0.680187 0.666147 0.677067 0.680187 0.672387 0.672387 0.0234009 0.0171607 0.0686427 0.0124805 0.0218409 0.0187207 0.0140406 0.0171607 0.0156006 0.024961 0.0265211 0.0655226 0.0234009 0.734789 0.0218409 0.0358814 0.00780031 0.0655226 0.0156006 0.678627 0.678627 0.0124805 0.0124805 0.673947 0.0109204 0.0265211 0.675507 0.0312012 0.0390016 0.0421217 0.672387 0.689548 0.0109204 0.673947 0.678627 0.666147 0.0202808 0.667707
0.013245 0.0629139 0 1 1 0.0430464 1 0.980132 1 0.996689 0.993377 0.966887 0.983444 0.986755 0.937086 0.996689 0.996689 0.986755 0.980132 0.0364238 0.0629139 0.0794702 0.00331126 0.0629139 0.0397351 0.0529801 0.0596026 0.0695364 0.0430464 0.0596026 0.0562914 0 0.996689 0.0364238 0.0298013 0.0198675 0.0165563 0.0165563 1 0.97351 0.0165563 0.0198675 0.990066 0.0198675 0.0165563 0.996689 0.0331126 0.0298013 0.0397351 0.996689 0.993377 0 0.996689 1 0.980132 0.00662252 0.976821
0.113116 0.00536324 0.110678 0.11214 0.137981 0.0121892 0.0355924 0.0287665 0.0117016 0.0243784 0.0355924 0.0419308 0.0307167 0.0287665 0.0370551 0.014627 0.0336421 0.00682594 0.029254 0.047294 0.0394929 0.0346173 0.0219405 0.0346173 0.0336421 0.0268162 0.0394929 0.0297416 0.0297416 0.0058508 0.00731351 0.113603 0.0560702 0.0477816 0.0487567 0.0453437 0.0331546 0.0468064 0.0477816 0.029254 0.0029254 0.029254 0.0380302 0.0394929 0.047294 0.0316919 0.00926377 0.00828864 0.00926377 0.109703 0.131643 0.114091 0.111653 0.0126767 0.0409556 0.0414432 0.126767
0.117188 0.140625 0.109375 1 0.992188 0.226562 1 1 1 1 1 1 0.984375 1 0.984375 1 1 1 0.992188 0.109375 0.15625 0.226562 0.0625 0.15625 0.132812 0.171875 0.1875 0.101562 0.148438 0.195312 0.195312 0.132812 1 0.117188 0.109375 0.109375 0.101562 0.0859375 1 1 0.109375 0.09375 1 0.09375 0.0859375 1 0.132812 0.117188 0.164062 1 0.992188 0.0859375 1 1 1 0.09375 1
0.0031282 0.00126916 0.00272898 0.00306266 0.00239531 0.00445099 0.00145983 0.00148962 0.00208547 0.00176371 0.00201993 0.00271111 0.00176967 0.00148962 0.00131682 0.00185309 0.00214505 0.00106061 0.00277665 0.00282432 0.00130491 0.00148962 0.00132874 0.00141216 0.00143004 0.00121553 0.00131087 0.00134662 0.00193651 0.00159687 0.00577377 0.00394451 0.00432586 0.00181138 0.0019663 0.00193651 0.00222847 0.00119765 0.00171008 0.001579 0.00104273 0.00130491 0.00177563 0.00125724 0.00218676 0.00154325 0.00198417 0.00198417 0.00226422 0.00168625 0.00170413 0.00141216 0.00175775 0.00227018 0.00213314 0.00129299 0.00151941
0.0124864 0.00977199 0.00651466 0.000542888 0 0.0116721 0 0.000542888 0.00108578 0.000542888 0.00135722 0.00162866 0.000542888 0 0.000271444 0.00135722 0.000814332 0 0.00190011 0.00868621 0.00624321 0.0176439 0.00814332 0.00624321 0.00895765 0.0114007 0.00651466 0.00624321 0.0111292 0.0130293 0.012215 0.0105863 0.00325733 0.0192725 0.0176439 0.0133008 0.0160152 0.0165581 0.00108578 0.000542888 0.00814332 0.00787188 0.000542888 0.00570033 0.00787188 0.000271444 0.00977199 0.00542888 0.00977199 0.000814332 0.000542888 0.00217155 0.000814332 0.000542888 0.000271444 0.00814332 0.00162866
0.0178154 0.0119743 0.00963785 0.00146028 0.00116822 0.0143107 0.000876168 0 0.000292056 0.000876168 0.00116822 0.000584112 0 0.000292056 0.000584112 0.000292056 0.000584112 0.000292056 0.000584112 0.00817757 0.00408879 0.0116822 0.00905374 0.00408879 0.0046729 0.00379673 0.00292056 0.00438084 0.00846963 0.0169393 0.0110981 0.00788551 0.00379673 0.00963785 0.0169393 0.00992991 0.0186916 0.0119743 0.000876168 0 0.00613318 0.00584112 0.000876168 0.00671729 0.00700935 0.000584112 0.00846963 0.00642523 0.00788551 0.00146028 0.00116822 0.00525701 0.000584112 0.00146028 0.000584112 0.0026285 0.000876168
0.112971 0.0376569 0.108787 1 1 0.372385 1 1 1 1 1 0.991632 0.987448 0.995816 0.995816 1 1 1 1 0.0209205 0.0251046 0.0711297 0.0251046 0.041841 0.0753138 0.0376569 0.0585774 0.0376569 0.0334728 0.0627615 0.317992 0.121339 1 0.0209205 0.0251046 0.0209205 0.0167364 0.0125523 0.991632 1 0.0292887 0.0292887 0.987448 0.0167364 0.0083682 0.991632 0.384937 0.351464 0.380753 0.995816 1 0.0794979 0.991632 0.983264 0.995816 0.117155 0.991632
1 0.107143 0.785714 0.857143 0.821429 0.964286 0.107143 0.107143 0.0714286 0.142857 0.107143 0.821429 0.107143 0.214286 0.142857 0.107143 0.178571 0.464286 0.25 0.25 0.107143 0.214286 0.785714 0.392857 0.178571 0.285714 0.0357143 0.0357143 0.25 0.142857 0.821429 0.928571 0.178571 0.464286 0.107143 0.178571 0.321429 0.607143 0.321429 0.107143 0.107143 0.607143 0.214286 0.107143 0.642857 0.142857 0.75 0.857143 0.892857 0.571429 0.714286 0.428571 0.821429 0.392857 0.892857 0.75 0.714286
0.0578512 0.0289256 0.0454545 1 1 0.035124 1 1 1 0.997934 0.995868 0.987603 0.993802 0.997934 0.993802 1 1 1 0.995868 0.00826446 0.0289256 0.0847107 0.0144628 0.0165289 0.0392562 0.0206612 0.0557851 0.0165289 0.0392562 0.0392562 0.0557851 0.0475207 1 0.0309917 0.0289256 0.0144628 0.0371901 0.0103306 0.987603 0.997934 0.0123967 0.0144628 1 0.0103306 0.0144628 0.993802 0.0557851 0.0206612 0.0371901 0.997934 0.997934 0.0578512 0.993802 0.997934 0.991736 0.0557851 0.991736
0.00424953 0.00163901 0.00381995 0.00481128 0.00407769 0.00543252 0.00212146 0.00181084 0.00189676 0.00157953 0.0024519 0.00337054 0.00190997 0.00138787 0.00158614 0.00238581 0.00267661 0.001487 0.00294757 0.00454693 0.00159275 0.00188354 0.00175136 0.00175797 0.00195624 0.00152005 0.00162579 0.00179101 0.00189676 0.00198267 0.00985388 0.00690631 0.0072764 0.00206198 0.00264356 0.00247834 0.00290131 0.00229329 0.00246512 0.00209502 0.0015597 0.00177119 0.00236599 0.00142091 0.0020025 0.00183728 0.00204215 0.00204876 0.00245851 0.0016324 0.00214789 0.00179101 0.00160596 0.00254443 0.00220077 0.00138126 0.00187032
0.00151478 0.00136819 0.00146592 0.00215001 0.00161251 0.00317615 0.00127046 0.00107501 0.00141705 0.000977278 0.0022966 0.00254092 0.0012216 0.00161251 0.0012216 0.0017591 0.00200342 0.000977278 0.00283411 0.00200342 0.00117273 0.00180796 0.00156365 0.00195456 0.00166137 0.00087955 0.000977278 0.00146592 0.00205228 0.00151478 0.00293183 0.0022966 0.00283411 0.00161251 0.0017591 0.00141705 0.00180796 0.00141705 0.0017591 0.00136819 0.00151478 0.00190569 0.00156365 0.000977278 0.00180796 0.00195456 0.00190569 0.00166137 0.00254092 0.00156365 0.00205228 0.000977278 0.000928414 0.00141705 0.00288297 0.00239433 0.00131933
0.00245792 0.00119441 0.00253689 0.00283303 0.00211243 0.00449139 0.00248754 0.0010266 0.00253689 0.00124377 0.00150042 0.00250728 0.00121416 0.00124377 0.00141158 0.00207295 0.00248754 0.0010266 0.00262573 0.00281329 0.00115493 0.00163862 0.00185578 0.00119441 0.00112531 0.000987118 0.00140171 0.00153003 0.00193475 0.00126351 0.00627807 0.00402744 0.00507379 0.00237895 0.00164849 0.00151029 0.00190514 0.00113519 0.00117467 0.0021914 0.000878535 0.00154978 0.00249741 0.00111544 0.00203346 0.00177681 0.0023987 0.00199398 0.00233947 0.00154978 0.00209269 0.00127338 0.00156952 0.00211243 0.0016781 0.00100686 0.0016781
0.00242504 0.0014881 0.00507055 0.00391314 0.00341711 0.00644841 0.0026455 0.0026455 0.00242504 0.00214947 0.00380291 0.00479497 0.00236993 0.00314153 0.00297619 0.00176367 0.00259039 0.0022597 0.00402337 0.00286596 0.00203924 0.00203924 0.00203924 0.00259039 0.00209436 0.00176367 0.00231481 0.00380291 0.00209436 0.00231481 0.0067791 0.00407848 0.00507055 0.00402337 0.00297619 0.00424383 0.00281085 0.00253527 0.00121252 0.00126764 0.00132275 0.00110229 0.00380291 0.00286596 0.00231481 0.00143298 0.00253527 0.00297619 0.00303131 0.0022597 0.00281085 0.00352734 0.0026455 0.00236993 0.00231481 0.00209436 0.00248016
0.0451977 0.0169492 0.00564972 0.00564972 0.0112994 0.0564972 0.0112994 0.00564972 0.0225989 0.00564972 0.0225989 0.00564972 0 0.0169492 0 0 0.0282486 0.0169492 0.0112994 0.0508475 0.0225989 0.0508475 0.0169492 0.0282486 0.0282486 0.0282486 0.0112994 0.039548 0.0282486 0.0508475 0.0338983 0.0734463 0.0338983 0.0225989 0.0451977 0.0282486 0.0338983 0.039548 0 0.00564972 0.0282486 0.0169492 0.00564972 0.00564972 0.039548 0 0.0451977 0.0621469 0.0282486 0.00564972 0.0112994 0.0282486 0.00564972 0 0 0.0169492 0.0112994
1 0.3 1 1 1 1 0.4 0.4 0.5 0.9 0.5 1 0.7 0.4 0.5 0.4 0.4 0.4 1 1 0.3 0.4 0.9 0.3 0.3 0.5 0.7 0.3 0.9 0.9 1 1 0.9 1 1 1 1 1 1 1 1 1 1 1 1 1 0.8 0.5 1 0.9 0.5 0.5 0.5 0.2 0.4 0.8 0.5
0.0021768 0.000779597 0.00214642 0.00241979 0.00256153 0.0055483 0.00244004 0.00252103 0.00128583 0.00140732 0.00137695 0.00315889 0.00103271 0.00157944 0.00229829 0.00176169 0.00108334 0.00330063 0.00175156 0.00239954 0.000971965 0.00187306 0.00106309 0.000759348 0.00056698 0.000941591 0.000941591 0.000688475 0.0019743 0.00264253 0.00693537 0.00524456 0.00431309 0.00158957 0.00285515 0.00258178 0.00187306 0.00141745 0.00168069 0.00236916 0.000627727 0.00236916 0.00169081 0.0013567 0.00145795 0.00120483 0.00389798 0.0034525 0.00358412 0.00282477 0.00191356 0.000860594 0.00107321 0.00163007 0.0028754 0.00118458 0.00126558
0.0309033 0.00396197 0.0158479 0.00237718 0 0.0190174 0.000792393 0 0.000792393 0 0 0.00237718 0 0 0 0 0 0 0 0.0110935 0 0.0118859 0.00554675 0 0.00554675 0.00237718 0.00396197 0.000792393 0.0134707 0.00713154 0.00316957 0.00554675 0.000792393 0.00792393 0.0142631 0.00396197 0.0150555 0.00554675 0 0.000792393 0.00316957 0.00396197 0.00158479 0.00633914 0.00713154 0.000792393 0.00554675 0.00316957 0.00713154 0.00396197 0.00158479 0.00554675 0 0.00158479 0.00396197 0.00554675 0.00158479
0.142857 0.346154 0.0659341 0.0879121 0.0879121 0.494505 0.148352 0.0274725 0.0934066 0.0549451 0.043956 0.412088 0.0769231 0.0384615 0.043956 0.269231 0.395604 0.307692 0.0494505 0.197802 0.335165 0.258242 0.0769231 0.115385 0.0549451 0.0714286 0.0934066 0.373626 0.456044 0.0769231 0.642857 0.0494505 0.192308 0.0274725 0.0494505 0.0604396 0.142857 0.0164835 0.0384615 0.164835 0.0494505 0.181319 0.0274725 0.0384615 0.10989 0.032967 0.505495 0.461538 0.461538 0.032967 0.335165 0.021978 0.043956 0.131868 0.197802 0.181319 0.0879121
0.00250101 0.0012915 0.00230284 0.00235751 0.00229601 0.00391551 0.00125734 0.00124367 0.0014965 0.00134617 0.00192701 0.00229601 0.00101134 0.001148 0.00111384 0.00166734 0.00211834 0.000792669 0.00254201 0.00239851 0.001148 0.00132567 0.00129834 0.001353 0.001312 0.001025 0.00118217 0.00111384 0.00166734 0.0015375 0.00667619 0.00383351 0.00422985 0.00140767 0.00177667 0.00151017 0.00205684 0.0014965 0.00153067 0.00127784 0.00105234 0.00111384 0.00164684 0.001148 0.00166734 0.00122317 0.00196117 0.00197484 0.00283584 0.00146234 0.00150334 0.001394 0.00138034 0.00235751 0.00164684 0.00110017 0.00138717
0.0300752 0.0150376 0.0075188 0.781955 0.796992 0.0075188 0.759398 0.744361 0.75188 0.759398 0.75188 0.774436 0.729323 0.736842 0.744361 0.744361 0.774436 0.729323 0.781955 0.0300752 0 0.0300752 0.0150376 0.0075188 0.0150376 0.0150376 0.0075188 0.0075188 0.037594 0.0451128 0.0451128 0.0827068 0.992481 0.0451128 0.0526316 0.037594 0.0676692 0.0225564 0.744361 0.736842 0.0451128 0.0150376 0.75188 0.0150376 0.0225564 0.796992 0.0075188 0.0150376 0 0.744361 0.759398 0.0150376 0.729323 0.721805 0.766917 0 0.721805
0.00149213 0.00298426 0.00135648 0.00162778 0.00108519 0.00651112 0.00298426 0.00284862 0.00406945 0.00230602 0.00352686 0.00569723 0.00244167 0.00311991 0.00311991 0.00325556 0.00339121 0.00257732 0.00664677 0.00298426 0.00339121 0.00311991 0.00352686 0.00311991 0.00257732 0.00298426 0.00325556 0.00257732 0.00325556 0.00352686 0.00271297 0.00217037 0.00651112 0.00135648 0.00135648 0.00352686 0.00122084 0.00108519 0.00081389 0.00366251 0.00108519 0.00108519 0.00135648 0.000542594 0.00108519 0.00298426 0.00379816 0.0215681 0.00542594 0.00081389 0.00352686 0.00135648 0.00108519 0.00135648 0.00162778 0.000542594 0.00284862
0.0408163 0 0.0204082 1 1 0.0306122 1 1 1 1 1 0.989796 1 1 0.979592 1 1 0.989796 0.989796 0.0408163 0.0102041 0.0204082 0.0102041 0.0204082 0.0306122 0.0204082 0 0.0408163 0.0204082 0.0204082 0.0408163 0.0204082 1 0.0204082 0.0204082 0.0204082 0.0204082 0.0102041 1 1 0.0102041 0.0102041 1 0.0306122 0.0306122 1 0.0408163 0.0306122 0.0306122 1 1 0 1 0.989796 1 0.0102041 1
0.0215827 0.0143885 0.0143885 0.00719424 0 0.0143885 0 0 0 0 0 0.00719424 0 0 0 0 0.00719424 0 0 0.0143885 0.00719424 0.0143885 0.0143885 0.0143885 0 0.00719424 0.0143885 0 0 0.0143885 0.136691 0.129496 0.107914 0.0503597 0.0215827 0.028777 0.0431655 0.028777 0 0 0.00719424 0.00719424 0 0.0143885 0 0 0.0143885 0 0.0215827 0 0 0 0 0 0 0 0
0.00852878 0.010661 0.00852878 0.993603 0.997868 0.00639659 0.997868 0.993603 0.997868 0.993603 0.995736 1 0.995736 1 0.993603 1 0.995736 0.995736 0.995736 0.010661 0.010661 0.0533049 0.00639659 0.0127932 0.0191898 0.0149254 0.00852878 0.0191898 0.0170576 0.0149254 0.00639659 0 1 0.0149254 0.0149254 0.00639659 0.0298507 0.00639659 1 1 0.00639659 0.00852878 0.995736 0.00426439 0.00426439 1 0.00852878 0.00426439 0.0127932 0.995736 0.997868 0 0.985075 0.993603 0.995736 0.00852878 0.989339
0.0315468 0.0162822 0.0189959 0.00203528 0.00135685 0.0203528 0.00101764 0 0.000339213 0 0 0.00169607 0.000339213 0.00101764 0.000339213 0 0.000339213 0.000339213 0.00237449 0.0128901 0.00610583 0.0145862 0.0142469 0.00440977 0.00542741 0.0027137 0.00678426 0.00644505 0.011194 0.0128901 0.0237449 0.0139077 0.0027137 0.0244233 0.0281547 0.0183175 0.0217096 0.00915875 0.00203528 0 0.00848033 0.00474898 0.000339213 0.00407056 0.00915875 0.000678426 0.0105156 0.00407056 0.00746269 0.00101764 0.000339213 0.00712347 0.000339213 0.000678426 0.00169607 0.00440977 0
0.00151888 0.000777101 0.00129517 0.00154243 0.00183679 0.00266098 0.000706456 0.000765327 0.00136581 0.000788876 0.0011421 0.0016013 0.000647585 0.000741779 0.00080065 0.000871296 0.000824198 0.000600487 0.00140114 0.00154243 0.000529842 0.000647585 0.000576939 0.000682907 0.000953715 0.000671133 0.000824198 0.000412099 0.000930167 0.000788876 0.00511003 0.00322615 0.00379131 0.000812424 0.000741779 0.0011421 0.00102436 0.000494519 0.000588713 0.00096549 0.000494519 0.000765327 0.000847747 0.000647585 0.000894844 0.000694682 0.00110678 0.000906618 0.00101259 0.000541616 0.000847747 0.000647585 0.000894844 0.000871296 0.00103614 0.000576939 0.000694682
0.0180028 0.0133615 0.0101266 0.00253165 0.00267229 0.0161744 0.00112518 0.000843882 0.000843882 0.000421941 0.00140647 0.00253165 0.000843882 0.000703235 0 0.000984529 0.000703235 0.000421941 0.00154712 0.0149086 0.00886076 0.0112518 0.011955 0.00661041 0.00759494 0.00309423 0.00787623 0.00604782 0.0150492 0.0151899 0.0298172 0.0233474 0.0045007 0.0232068 0.0357243 0.0220816 0.0279887 0.011955 0.00168776 0.00112518 0.0140647 0.0101266 0.00168776 0.00857947 0.0126582 0.00126582 0.014346 0.011955 0.0157525 0.000281294 0.000421941 0.00436006 0.000562588 0.00168776 0.00140647 0.00281294 0.000562588
0.0364583 0.00520833 0.0078125 1 0.997396 0.0208333 0.986979 0.989583 0.994792 0.981771 0.986979 0.979167 0.984375 1 0.979167 0.989583 0.986979 0.984375 0.984375 0.015625 0.00520833 0.00520833 0.00260417 0.00520833 0.015625 0 0.00260417 0 0.0078125 0.0104167 0.0104167 0.0130208 0.997396 0.0078125 0.0182292 0.0130208 0.0234375 0.0130208 0.992188 0.989583 0.0078125 0.00260417 0.992188 0.0078125 0.00520833 0.994792 0 0.0104167 0.015625 0.997396 0.981771 0.00260417 0.992188 0.994792 0.994792 0.0078125 0.989583
0.0380435 0.03125 0.0285326 1 0.998641 0.0353261 1 0.997283 1 0.997283 0.997283 0.998641 0.994565 1 0.986413 0.998641 0.995924 1 0.998641 0.0163043 0.013587 0.044837 0.0149457 0.0122283 0.0190217 0.0122283 0.0285326 0.0108696 0.0244565 0.0163043 0.0339674 0.0122283 1 0.0258152 0.0163043 0.017663 0.03125 0.0298913 0.997283 0.990489 0.017663 0.017663 0.995924 0.0122283 0.0149457 0.997283 0.0285326 0.0258152 0.0271739 1 0.994565 0.00815217 1 0.998641 0.997283 0.0149457 0.997283
0.0311111 0.284444 0.0266667 1 1 0.28 1 1 0.995556 1 1 1 1 1 1 1 1 1 1 0.0355556 0.204444 0.355556 0.0222222 0.24 0.253333 0.208889 0.235556 0.275556 0.2 0.32 0.271111 0.0311111 1 0.0488889 0.0177778 0.0444444 0.0533333 0.0355556 1 0.977778 0.0222222 0.0177778 1 0.0222222 0.0355556 1 0.28 0.297778 0.28 1 0.995556 0.0533333 1 1 1 0.0266667 0.995556
0.230159 0.301587 0.162698 0.0912698 0.583333 0.444444 0.0595238 0.0396825 0.0436508 0.0396825 0.0436508 0.130952 0.0436508 0.031746 0.0357143 0.0119048 0.150794 0.0396825 0.579365 0.0674603 0.119048 0.111111 0.277778 0.0119048 0.0277778 0.0396825 0.0873016 0.00793651 0.34127 0.384921 0.551587 0.202381 0.138889 0.123016 0.297619 0.313492 0.293651 0.0793651 0.345238 0.150794 0.0119048 0.0992063 0.178571 0.0753968 0.123016 0.0753968 0.345238 0.178571 0.186508 0.138889 0.166667 0.0634921 0.0595238 0.218254 0.186508 0.111111 0.0833333
0.0024291 0.00124491 0.00206474 0.00218619 0.00160928 0.00245946 0.0014271 0.000880549 0.00139673 0.0010931 0.0014271 0.00203437 0.00106273 0.000698366 0.001002 0.00103237 0.00154855 0.000880549 0.0017611 0.0014271 0.001002 0.00139673 0.00118419 0.00121455 0.00097164 0.00103237 0.00115382 0.00106273 0.00124491 0.00127528 0.00218619 0.00203437 0.00233801 0.00145746 0.00118419 0.00139673 0.00167001 0.001002 0.00115382 0.00139673 0.000212546 0.00130564 0.00124491 0.000910913 0.00118419 0.00121455 0.00130564 0.000910913 0.00112346 0.00136637 0.00148782 0.00103237 0.00136637 0.00139673 0.00206474 0.000941276 0.00154855
0.048583 0.0647773 0.0566802 1 1 0.105263 1 0.995951 1 1 0.995951 0.987854 0.995951 0.995951 0.935223 1 1 0.991903 0.955466 0.0161943 0.0607287 0.0890688 0 0.0445344 0.0364372 0.0647773 0.0566802 0.0364372 0.0688259 0.0404858 0.117409 0.0121457 1 0.00809717 0.0283401 0.0161943 0.0202429 0.0161943 0.995951 0.991903 0.0121457 0.0121457 0.979757 0.0121457 0.0161943 0.995951 0.0607287 0.0647773 0.097166 0.987854 0.975709 0 0.991903 0.987854 0.979757 0 0.967611
0.0241546 0.0289855 0.0222222 0.0289855 0.0193237 0.0483092 0.0289855 0.0183575 0.0222222 0.0135266 0.0183575 0.026087 0.0144928 0.021256 0.0164251 0.0251208 0.0173913 0.0144928 0.0193237 0.0280193 0.010628 0.0231884 0.0193237 0.0173913 0.0222222 0.0135266 0.026087 0.0154589 0.0154589 0.021256 0.0541063 0.0222222 0.0550725 0.0183575 0.0483092 0.0454106 0.021256 0.021256 0.0193237 0.0183575 0.026087 0.021256 0.0309179 0.0222222 0.047343 0.047343 0.0541063 0.0570048 0.057971 0.0125604 0.0570048 0.0173913 0.0222222 0.0299517 0.0251208 0.0154589 0.010628
0.00728447 0.00229048 0.00634575 0.00861745 0.00717182 0.00886152 0.00223415 0.0016897 0.00210273 0.00191499 0.00217783 0.00345449 0.00159582 0.00180234 0.00150195 0.00221538 0.00409282 0.00131421 0.00298513 0.00835461 0.00131421 0.00197131 0.00165215 0.00210273 0.00187744 0.00144563 0.00142685 0.0016146 0.00212151 0.00185867 0.0231676 0.0139494 0.0150008 0.00279739 0.00341694 0.00251577 0.0032292 0.00199009 0.00212151 0.00212151 0.00144563 0.00165215 0.00223415 0.00148318 0.00206518 0.00170847 0.00193376 0.002497 0.00270351 0.0016897 0.00163337 0.00159582 0.00150195 0.00311655 0.00215906 0.00129543 0.00167092
0.0213155 0.00791717 0.00487211 0.00121803 0.000609013 0.0213155 0.000609013 0.00182704 0.00182704 0.00182704 0.00182704 0.00121803 0 0.000609013 0 0.000609013 0.000609013 0 0.000609013 0.00426309 0.00791717 0.0274056 0.00548112 0.00852619 0.00669915 0.00487211 0.00304507 0.00609013 0.00609013 0.0115713 0.00609013 0.00243605 0.00548112 0.0146163 0.0170524 0.00669915 0.0164434 0.0133983 0.000609013 0 0.00669915 0.00182704 0 0.00243605 0.00609013 0.00182704 0.00487211 0.00730816 0.00304507 0.00121803 0.00121803 0.00548112 0.00121803 0.00182704 0.00304507 0.00548112 0.00182704
0.0042347 0.00366716 0.039291 0.0651794 0.0646119 0.00737798 0.0615996 0.0609884 0.0618615 0.0602899 0.0618615 0.0649611 0.0613813 0.0601153 0.0592421 0.0608138 0.0598097 0.059766 0.0641753 0.00227015 0.002925 0.00497686 0.00200821 0.00323059 0.00296865 0.00279403 0.002925 0.0026194 0.00410373 0.00375447 0.00602462 0.00209552 0.0661399 0.00235746 0.00196455 0.00170261 0.00248843 0.00144067 0.065616 0.0648738 0.00091679 0.0013097 0.0652667 0.00266306 0.00152798 0.0642626 0.00340522 0.00235746 0.00318694 0.059897 0.0624291 0.00192089 0.0613376 0.0622544 0.0613813 0.00165895 0.0602026
0.00210834 0.00100282 0.00222916 0.00204189 0.0017942 0.00354008 0.00143778 0.0014559 0.00138341 0.00124446 0.00146799 0.00210834 0.000978657 0.001323 0.00122634 0.00108136 0.00172171 0.000803465 0.00215063 0.00170359 0.000785342 0.00117801 0.00100886 0.00103907 0.00100282 0.00106323 0.000984698 0.000930328 0.00151027 0.00107531 0.00354612 0.00221104 0.00283931 0.00143778 0.00169151 0.00149215 0.00155256 0.00112968 0.00122634 0.00141966 0.000839712 0.000924287 0.00141362 0.00126259 0.00128675 0.00109344 0.0016613 0.00163714 0.00201772 0.00158277 0.00157672 0.00105719 0.00123842 0.00190294 0.00157068 0.00122634 0.00140153
0.00313275 0.000783188 0.00195797 0.004177 0.00378541 0.00352434 0.00143584 0.00195797 0.00156638 0.00130531 0.00182744 0.0020885 0.000391594 0.00117478 0.00182744 0.00221903 0.0020885 0.000522125 0.00143584 0.00274116 0.00104425 0.00274116 0.00195797 0.00182744 0.00130531 0.000522125 0.000522125 0.00156638 0.00248009 0.00143584 0.0100509 0.008354 0.00939825 0.00104425 0.00143584 0.00117478 0.00221903 0.00143584 0.00156638 0.00104425 0.0020885 0.00117478 0.00182744 0.000522125 0.00182744 0.000522125 0.00261063 0.00326328 0.00391594 0.000783188 0.00182744 0.000913719 0.000652656 0.00248009 0.000391594 0.000652656 0.000783188
0.027027 0 0.0202703 1 1 0.0540541 1 1 1 0.993243 1 1 0.993243 1 1 1 0.993243 1 1 0.027027 0.027027 0.00675676 0.0135135 0.0135135 0.027027 0.00675676 0.00675676 0.00675676 0.027027 0.0135135 0.027027 0.00675676 1 0.027027 0.0608108 0.0135135 0.0405405 0 0.986486 1 0.00675676 0.00675676 1 0.027027 0.00675676 1 0.00675676 0.0135135 0.00675676 0.986486 0.993243 0.00675676 1 0.993243 1 0.0135135 1
0.00206131 0.000732694 0.00169008 0.00216877 0.00169008 0.00282331 0.001016 0.000420078 0.000742463 0.000615463 0.000986694 0.00140677 0.000429847 0.000644771 0.000683848 0.000498232 0.000820617 0.000302847 0.00121139 0.00154354 0.000332155 0.000674078 0.000361462 0.000586155 0.000341924 0.000537309 0.000488463 0.000322385 0.000586155 0.000820617 0.00728786 0.00534378 0.00507024 0.000683848 0.000762002 0.000703386 0.000810848 0.000439616 0.000683848 0.000439616 0.000322385 0.000468924 0.000732694 0.000312616 0.000732694 0.000302847 0.000762002 0.000762002 0.000830386 0.000713155 0.000771771 0.000605694 0.000722925 0.00090854 0.00105508 0.000566617 0.000537309
0 0 0 1 1 0.0769231 1 1 1 1 1 1 1 0.961538 1 1 1 1 0.923077 0.0384615 0 0 0 0 0 0 0 0 0 0 0.0384615 0 1 0 0 0.0384615 0 0 1 0.961538 0 0 1 0 0 1 0 0 0 1 1 0 1 1 1 0 1
0.0081445 0.00205629 0.00758003 0.00802355 0.00717684 0.0105637 0.00149182 0.00149182 0.00221756 0.00201597 0.00233852 0.00237884 0.00108862 0.00112894 0.00108862 0.00129022 0.00274171 0.00116926 0.00233852 0.0083461 0.00157245 0.00189501 0.00149182 0.00120958 0.0012499 0.0010483 0.00201597 0.00149182 0.0103217 0.0014515 0.0262479 0.0179018 0.0181034 0.00221756 0.00387066 0.00254012 0.00358842 0.00201597 0.00201597 0.00137086 0.00137086 0.00133054 0.00173373 0.00141118 0.0014515 0.00209661 0.00294331 0.0024998 0.00209661 0.00149182 0.00116926 0.00116926 0.0012499 0.0022982 0.00181437 0.00108862 0.00157245
0.0165975 0.00207469 0.0162656 0.0161411 0.00365145 0.00921162 0.00224066 0.0194191 0.0209544 0.0190456 0.0265975 0.026971 0.00294606 0.00174274 0.000995851 0.0198755 0.0214523 0.0019917 0.0268465 0.00153527 0.00244813 0.00605809 0.020166 0.0033195 0.00360996 0.0186722 0.026722 0.00286307 0.0253527 0.0259751 0.00858921 0.0170954 0.0284647 0.01639 0.00639004 0.00211618 0.00381743 0.00112033 0.00257261 0.0013278 0.000788382 0.00149378 0.00153527 0.000622407 0.00236515 0.000788382 0.00717842 0.00630705 0.0166805 0.020249 0.0127386 0.0149793 0.0151037 0.0207469 0.0026556 0.00174274 0.0154357
0.019678 0.0286225 0.00894454 0.00536673 0.00178891 0.0178891 0.00178891 0.00357782 0.00357782 0.00178891 0.00357782 0.00536673 0.00357782 0.00357782 0.00178891 0.00178891 0.00715564 0.00357782 0.00178891 0.0107335 0.00536673 0.0214669 0.0268336 0.0143113 0.0214669 0.00715564 0.0143113 0.0161002 0.0125224 0.0232558 0.0966011 0.0536673 0.0268336 0.0411449 0.0286225 0.0339893 0.0286225 0.0161002 0.00357782 0.00178891 0.019678 0.0161002 0.00536673 0.00715564 0.0107335 0.00357782 0.0214669 0.0232558 0.0375671 0.00178891 0.00357782 0.0107335 0.00178891 0 0.00357782 0.00357782 0.00178891
0.0213113 0.00652149 0.0110632 0.00046582 0.00046582 0.0196809 0.000815186 0.000815186 0.00046582 0.000582276 0.000698731 0.00186328 0.00046582 0.000582276 0.00046582 0.00046582 0.000582276 0.00046582 0.000815186 0.0090835 0.00314429 0.0128101 0.00768604 0.00384302 0.00372656 0.00256201 0.00407593 0.00256201 0.00628858 0.00826831 0.00442529 0.00419238 0.00151392 0.00861768 0.00896704 0.00931641 0.00966577 0.00395947 0.00046582 0.00023291 0.00256201 0.00302783 0.00023291 0.00151392 0.00372656 0 0.00582276 0.00326074 0.00302783 0.000698731 0.000582276 0.0046582 0.000349365 0.00128101 0.00244556 0.00454175 0.000698731
0.0415648 0.0146699 0.0195599 0.369193 0.0268949 0.819071 0.0122249 0.00733496 0.0464548 0.0440098 0.0488998 0.0244499 0.0611247 0.0366748 0.00977995 0.0342298 0.0171149 0.00488998 0.0220049 0.0317848 0.91198 0.00733496 0.330073 0.0342298 0.0146699 0.0366748 0.00733496 0.0220049 0.00733496 0.0293399 0.0709046 0.359413 0.0660147 0.0415648 0.0268949 0.0171149 0.00977995 0.0562347 0.0391198 0.0171149 0.00244499 0.0586797 0.0171149 0.95599 0.94621 0.0268949 0.809291 0.765281 0.848411 0.00733496 0.124694 0.0171149 0.344743 0.00244499 0.00488998 0.0317848 0.0146699
0.00547817 0.0061825 0.00422601 0.124511 0.123885 0.00649554 0.122163 0.122163 0.122398 0.12185 0.123024 0.12318 0.121459 0.122007 0.120676 0.123102 0.122633 0.121459 0.123494 0.00516513 0.00383472 0.00774769 0.00649554 0.00461731 0.00406949 0.00399123 0.00383472 0.00430427 0.00422601 0.00524339 0.00774769 0.00446079 0.125841 0.00704336 0.00610424 0.00446079 0.0061825 0.00313038 0.122633 0.124041 0.00187823 0.00179997 0.123963 0.00532165 0.00344342 0.12365 0.00375646 0.00320864 0.00383472 0.121772 0.122554 0.00305212 0.122633 0.12365 0.124354 0.0028956 0.122163
0.00315434 0.00222603 0.0027186 0.00291279 0.00255757 0.0050062 0.00160558 0.0019608 0.00263809 0.00252442 0.00198448 0.00307382 0.00212184 0.0018945 0.00184713 0.00191344 0.00278017 0.00169557 0.00287963 0.00268071 0.00240601 0.00217867 0.00195133 0.00209342 0.00220235 0.00200817 0.00213604 0.00182345 0.00253862 0.00155822 0.00491148 0.00305487 0.00536616 0.00193239 0.00217867 0.00206974 0.00214078 0.00175714 0.00165768 0.00180924 0.00124563 0.00166242 0.00177135 0.00217867 0.00295541 0.00143508 0.00260493 0.00228287 0.00270439 0.00186608 0.00215025 0.00214552 0.00204132 0.00259546 0.0029933 0.00152033 0.00220709
0.100877 0.0482456 0.0877193 1 1 0.100877 1 1 1 0.995614 1 0.986842 1 1 0.995614 1 1 0.986842 0.991228 0.0570175 0.0526316 0.114035 0.0394737 0.0526316 0.0482456 0.0394737 0.0307018 0.0394737 0.0307018 0.0745614 0.0877193 0.0570175 1 0.0701754 0.0438596 0.0482456 0.0350877 0.0394737 1 1 0.0438596 0.0307018 1 0.0394737 0.0526316 1 0.0350877 0.0394737 0.0307018 1 0.995614 0.0307018 1 1 1 0.0394737 0.995614
0.022113 0.00835381 0.00589681 0.000982801 0.0019656 0.00835381 0.000982801 0 0 0.0014742 0.0004914 0.000982801 0 0 0 0 0 0 0 0.0127764 0.00589681 0.0201474 0.00933661 0.00884521 0.00589681 0.0034398 0.00786241 0.00638821 0.0108108 0.0157248 0.00884521 0.00737101 0.0004914 0.0265356 0.0250614 0.0117936 0.0157248 0.014742 0.000982801 0.0019656 0.012285 0.00835381 0.000982801 0.00540541 0.00982801 0.000982801 0.00786241 0.00638821 0.00982801 0.002457 0.0004914 0.0044226 0.0014742 0.000982801 0.0019656 0.00835381 0.0004914
0.0206256 0.00309385 0.0079065 0.00137504 0.00103128 0.014438 0 0 0.000343761 0 0.000343761 0.000343761 0 0.000343761 0 0.000687521 0.000343761 0 0.00206256 0.00618769 0.00515641 0.0130629 0.00550017 0.00378137 0.00825026 0.00103128 0.00687521 0.00309385 0.0134067 0.0103128 0.0103128 0.00515641 0.00206256 0.0096253 0.0110003 0.0137504 0.0134067 0.00550017 0.000687521 0.000343761 0.00756274 0.00240633 0 0.00343761 0.00412513 0 0.00653145 0.00481265 0.00550017 0.000343761 0 0.00446889 0 0.000687521 0.000343761 0.00481265 0.000343761
0.0532081 0.117371 0.0219092 0.998435 0.998435 0.0704225 1 1 1 1 1 0.99374 0.992175 1 0.98748 1 0.998435 0.998435 1 0.0125196 0.0970266 0.156495 0.0250391 0.112676 0.086072 0.107981 0.100156 0.100156 0.0876369 0.117371 0.0422535 0.0203443 1 0.0250391 0.0312989 0.029734 0.0266041 0.0234742 1 0.995305 0.0156495 0.00469484 0.99374 0.0156495 0.0172144 1 0.0688576 0.0500782 0.028169 1 0.99061 0.0125196 1 0.995305 1 0.0203443 0.998435
0.0179211 0.0322581 0.0107527 1 0.992832 0.197133 1 1 1 0.992832 1 0.982079 1 0.992832 0.960573 1 0.996416 1 0.97491 0.00716846 0.0537634 0.046595 0 0.046595 0.046595 0.0573477 0.0358423 0.046595 0.0573477 0.0681004 0.236559 0.0107527 0.992832 0.00358423 0 0.00358423 0.00716846 0.00716846 1 0.996416 0.00716846 0.00358423 0.967742 0.00358423 0.00358423 1 0.16129 0.172043 0.193548 0.985663 1 0 0.996416 0.996416 0.985663 0.121864 0.971326
0.204255 0.0276596 0.185106 1 0.997872 0.0446809 0.934043 0.917021 0.914894 0.919149 0.910638 0.917021 0.923404 0.938298 0.917021 0.944681 0.908511 0.919149 0.997872 0.0212766 0.0191489 0.112766 0.0212766 0.0361702 0.0319149 0.0276596 0.0404255 0.0297872 0.0531915 0.0297872 0.0510638 0.191489 0.951064 0.0255319 0.0489362 0.0276596 0.0340426 0.0361702 0.938298 0.919149 0.0212766 0.0361702 0.921277 0.0276596 0.0319149 0.938298 0.0255319 0.0361702 0.0382979 0.989362 0.976596 0.182979 0.978723 0.982979 0.987234 0.182979 0.980851
0.001002 0.000801603 0.0012024 0.00380762 0.000701403 0.00260521 0.0012024 0.000701403 0.0011022 0.001002 0.000701403 0.00240481 0.000200401 0.001002 0.00130261 0.000901804 0.0012024 0.000501002 0.00210421 0.0012024 0.000400802 0.0012024 0.000400802 0.00130261 0.000200401 0.000400802 0.000801603 0.000801603 0.0011022 0.00170341 0.00170341 0.000901804 0.00340681 0.000901804 0.000901804 0.000601202 0.0011022 0.001002 0.001002 0.000801603 0.000901804 0.000601202 0.000901804 0.000200401 0.00130261 0.000601202 0.00260521 0.00140281 0.00220441 0.000601202 0.00270541 0.00300601 0.00330661 0.00160321 0.001002 0.000801603 0.00140281
0.00194852 0.000678928 0.00158869 0.001901 0.00166337 0.00337427 0.000916553 0.000583878 0.00128317 0.00131712 0.000950499 0.00160906 0.00129675 0.000726453 0.00124923 0.00108628 0.00168374 0.000448093 0.00169732 0.00151401 0.00105234 0.00106592 0.000631403 0.000787557 0.000882607 0.000909764 0.00109307 0.000712875 0.00108628 0.000936921 0.00353043 0.00188742 0.00293297 0.0011406 0.00113381 0.000787557 0.00103876 0.000712875 0.000869028 0.000611035 0.000828292 0.000746821 0.00084866 0.000529564 0.00142575 0.000767189 0.00160227 0.00132391 0.00145291 0.000984446 0.00149364 0.000746821 0.000835082 0.00232872 0.00147327 0.00066535 0.000889396
0.0148026 0.0394737 0.00493421 1 1 0.0822368 1 1 1 0.995066 1 0.998355 1 0.998355 0.981908 1 0.998355 1 0.990132 0 0.0296053 0.0822368 0.0148026 0.03125 0.0394737 0.0164474 0.0378289 0.0328947 0.0263158 0.0394737 0.0608553 0.0131579 1 0.03125 0.0131579 0.0164474 0.0164474 0.0131579 0.995066 0.995066 0.00822368 0.00493421 0.990132 0.0361842 0.00164474 0.990132 0.0641447 0.0460526 0.0444079 1 0.998355 0.00986842 1 0.995066 0.991776 0.0230263 0.996711
0.00329717 0.00136365 0.00295117 0.00361604 0.00322255 0.00530533 0.00148576 0.00128223 0.00172321 0.00164859 0.00185212 0.00241521 0.00117369 0.00162145 0.00161466 0.00181141 0.00230666 0.00122118 0.00231345 0.00301223 0.00132972 0.00147898 0.00147898 0.00137721 0.00118047 0.00113976 0.00116012 0.00101086 0.00162145 0.00147219 0.0076527 0.00563776 0.00543423 0.00158753 0.00200815 0.00166894 0.00193353 0.00136365 0.00158074 0.00153325 0.00120761 0.00130937 0.00158753 0.00135686 0.00174357 0.00132294 0.0022049 0.00235415 0.00293082 0.00170286 0.00171643 0.00145863 0.00164859 0.00219812 0.00187247 0.00131616 0.00165537
0.015674 0.0344828 0.0125392 0.934169 0.937304 0.0344828 0.92163 0.931034 0.949843 0.937304 0.934169 0.934169 0.924765 0.940439 0.931034 0.940439 0.940439 0.924765 0.9279 0.0250784 0.0282132 0.0219436 0.0031348 0.031348 0.0658307 0.0438871 0.0250784 0.0250784 0.0250784 0.0250784 0.0219436 0.0031348 0.956113 0.0376176 0.031348 0.0188088 0.031348 0.0250784 0.962382 0.940439 0.00940439 0.0125392 0.934169 0.0031348 0.0282132 0.9279 0.0188088 0.0250784 0.0376176 0.931034 0.949843 0.0219436 0.909091 0.9279 0.931034 0.00940439 0.9279
0.0291715 0.00933489 0.0105018 0.00116686 0 0.0256709 0 0 0 0 0 0.00116686 0 0.00116686 0 0 0 0.00116686 0 0.0163361 0.00466744 0.0140023 0.0105018 0.0105018 0.00700117 0.00233372 0.00583431 0.00350058 0.0163361 0.00933489 0.0221704 0.0221704 0.00466744 0.0210035 0.0268378 0.0268378 0.0233372 0.0140023 0 0.00233372 0.0151692 0.0116686 0 0.00816803 0.0163361 0 0.00700117 0.0128355 0.0105018 0.00116686 0 0.00466744 0 0 0.00233372 0.00233372 0.00116686
0.00246986 0.00129896 0.00221373 0.00239668 0.00197589 0.00411643 0.00143923 0.00106722 0.00131116 0.00139044 0.00151851 0.00236619 0.00123188 0.00140264 0.00120139 0.00150021 0.00173805 0.000798893 0.00215274 0.00225641 0.000945255 0.00125627 0.00160998 0.00145142 0.00150021 0.00100624 0.000957451 0.00111601 0.00134775 0.0015368 0.00522634 0.00204297 0.00265281 0.00159169 0.00150631 0.00126847 0.00182952 0.00103673 0.00156729 0.00156119 0.000859877 0.00123188 0.0015246 0.00121968 0.00178074 0.000981845 0.00204297 0.00195149 0.00226861 0.00160998 0.0015246 0.00125627 0.00140264 0.00195149 0.00176244 0.00127457 0.00139044
0.0288675 0.0103627 0.0140637 0.00740192 0.00296077 0.0177646 0.000740192 0 0.00148038 0 0.00148038 0.00148038 0 0.000740192 0.00148038 0.000740192 0.00222058 0.000740192 0 0.0207254 0.0096225 0.0118431 0.0148038 0.00592154 0.0096225 0.00148038 0.00444115 0.00814212 0.0177646 0.0103627 0.0310881 0.0288675 0.00740192 0.034789 0.0429312 0.034789 0.0325685 0.0259067 0.00148038 0 0.0111029 0.0096225 0.00222058 0.0103627 0.00814212 0.00296077 0.00740192 0.0148038 0.0185048 0 0 0.0111029 0.000740192 0.00296077 0.00148038 0.00370096 0
0.00185721 0.00114594 0.00125461 0.00173867 0.00118545 0.00351685 0.000879212 0.0011163 0.00112618 0.00100764 0.0011657 0.00189673 0.000819939 0.00137315 0.00104715 0.000908848 0.00157073 0.000661879 0.00182758 0.001304 0.000879212 0.00121509 0.000681636 0.000750788 0.00127436 0.000750788 0.000810061 0.000691515 0.00114594 0.000978 0.00225236 0.00122497 0.00173867 0.00123485 0.00104715 0.00102739 0.00133364 0.000908848 0.00114594 0.000879212 0.000800182 0.000642121 0.00113606 0.000829818 0.00114594 0.000681636 0.00174855 0.00164976 0.00183745 0.00112618 0.00146206 0.000810061 0.00110642 0.00182758 0.0014423 0.00113606 0.00128424
0.00483455 0.00287387 0.00437795 0.00459282 0.00384078 0.00459282 0.00303502 0.00287387 0.00319618 0.00349162 0.00392136 0.00424366 0.00314246 0.0034379 0.00263214 0.00316932 0.00402879 0.00316932 0.00429738 0.00373335 0.00260529 0.00400193 0.00314246 0.00298131 0.00273958 0.00370649 0.00292759 0.00303502 0.00440481 0.00349162 0.00607005 0.00526429 0.00534486 0.00429738 0.0038945 0.00346476 0.00384078 0.0046734 0.0035722 0.00319618 0.00174581 0.0031156 0.00392136 0.00300817 0.00402879 0.00306188 0.00276644 0.002659 0.0038945 0.00333047 0.00378706 0.00276644 0.00298131 0.00531801 0.00445853 0.00410937 0.0031156
0.00258654 0.00108231 0.00208207 0.00288922 0.00294425 0.00466861 0.00122906 0.00140333 0.0014492 0.00156843 0.00143085 0.00291674 0.000972245 0.00155926 0.00116486 0.00143085 0.00211876 0.000623704 0.00252233 0.00197201 0.00177022 0.00146754 0.000990589 0.00139416 0.00150423 0.000871352 0.00158678 0.000944729 0.00149506 0.0014492 0.0024031 0.00182525 0.00270578 0.00170602 0.0013483 0.00177022 0.00170602 0.00110983 0.00126575 0.00116486 0.00104562 0.0013483 0.00161429 0.000935557 0.00169684 0.000935557 0.00227469 0.00197201 0.00217379 0.00157761 0.00214628 0.00147671 0.00183442 0.00160512 0.00177939 0.001119 0.00160512
0.0256125 0.00534521 0.0104677 0.0013363 0.0013363 0.0167038 0.00111359 0.0013363 0.00222717 0.0013363 0.00178174 0.00334076 0.00222717 0.0013363 0.0013363 0.00244989 0.00200445 0.00200445 0.00244989 0.0104677 0.00467706 0.0171492 0.00757238 0.00556793 0.00734967 0.00378619 0.00690423 0.00445434 0.0115813 0.010245 0.00556793 0.00467706 0.00356347 0.0115813 0.0138085 0.00601336 0.0142539 0.0077951 0.000445434 0.000222717 0.00534521 0.00289532 0.000668151 0.00200445 0.00668151 0 0.00868597 0.00445434 0.00556793 0.0013363 0.000890869 0.00512249 0.00111359 0.00244989 0.00423163 0.00757238 0.00200445
0.039267 0.123037 0.0366492 1 1 0.091623 1 1 1 0.989529 1 1 1 1 0.992147 1 0.997382 1 0.994764 0.0314136 0.0968586 0.212042 0.013089 0.117801 0.104712 0.091623 0.117801 0.104712 0.112565 0.149215 0.109948 0.0183246 1 0.0340314 0.0287958 0.0209424 0.0235602 0.0104712 1 0.992147 0.026178 0.013089 1 0.0183246 0.0157068 0.997382 0.0575916 0.0837696 0.0759162 1 1 0.0235602 1 1 1 0.0340314 0.994764
0.00179442 0.000964165 0.00165158 0.00189262 0.00147303 0.00332101 0.000901673 0.00168729 0.00202653 0.00199975 0.00195511 0.00275858 0.00158016 0.000758834 0.00142839 0.00167836 0.00213366 0.00148196 0.0024372 0.00174085 0.00169622 0.00203546 0.000687414 0.00167836 0.000990948 0.00161587 0.00160694 0.00150874 0.00199975 0.001107 0.00470477 0.00203546 0.00315139 0.00104451 0.00141947 0.00131234 0.00134805 0.000964165 0.00125877 0.000964165 0.000669559 0.000669559 0.00133912 0.000714196 0.00149089 0.000874891 0.00167836 0.00199082 0.00183906 0.000901673 0.00115164 0.000714196 0.000919528 0.00193726 0.0012677 0.0009106 0.00098202
0.00303391 0.00162531 0.00335898 0.00335898 0.00281721 0.00357569 0.00173367 0.0011919 0.0014086 0.00205873 0.00195037 0.00357569 0.00162531 0.00130025 0.00173367 0.00173367 0.00184202 0.00108354 0.00249214 0.00184202 0.0014086 0.00184202 0.00216708 0.00195037 0.0011919 0.0014086 0.00151696 0.00151696 0.00130025 0.00205873 0.00931845 0.0026005 0.00498429 0.00195037 0.00205873 0.00184202 0.00281721 0.00249214 0.00249214 0.00238379 0.00227544 0.00205873 0.00227544 0.00238379 0.0026005 0.00195037 0.0011919 0.0014086 0.00725972 0.0014086 0.00205873 0.00281721 0.0014086 0.00162531 0.0014086 0.0014086 0.0011919
0.00318726 0.00180034 0.00270717 0.0030539 0.00265383 0.00413411 0.00182701 0.00181367 0.00184034 0.00206705 0.00202705 0.00332062 0.00193369 0.00150695 0.00186702 0.00177366 0.00229376 0.00165364 0.00272051 0.00294722 0.00188035 0.00188035 0.00181367 0.00220041 0.00182701 0.00144027 0.00149361 0.00201371 0.00205372 0.00241378 0.00604113 0.00426746 0.00477422 0.00228043 0.00298722 0.0021204 0.00238711 0.00220041 0.00204038 0.00192036 0.00162697 0.00185368 0.00257381 0.00164031 0.00205372 0.0019737 0.00225375 0.00202705 0.00248046 0.0021604 0.00237378 0.00174699 0.00181367 0.0023071 0.00236044 0.00174699 0.00188035
0.00274314 0.00117207 0.00216958 0.00244389 0.00201995 0.0044389 0.00139651 0.00249377 0.00264339 0.00167082 0.00279302 0.00351621 0.00109726 0.00246883 0.00134663 0.00281796 0.00306733 0.000997506 0.00241895 0.00336658 0.00289277 0.0027182 0.00144638 0.00189526 0.00266833 0.0013217 0.00221945 0.00074813 0.00281796 0.00179551 0.00526185 0.00274314 0.00294264 0.00264339 0.00157107 0.00254364 0.00226933 0.00254364 0.00164589 0.00154613 0.000872818 0.00149626 0.00314214 0.00147132 0.00149626 0.00144638 0.00244389 0.0023192 0.00281796 0.0021197 0.00309227 0.00159601 0.00159601 0.00177057 0.00369077 0.00236908 0.00291771
0.142857 0 0 0 0.114286 0.0857143 0 0 0 0 0 0 0 0.0571429 0 0 0 0 0 0.0285714 0 0 0.0285714 0 0 0 0 0 0 0 0.171429 0.2 0 0 0.0285714 0 0.0285714 0.0285714 0 0.0857143 0.0285714 0 0.0285714 0.0285714 0.0285714 0 0.257143 0.2 0.2 0.0285714 0.2 0 0.0571429 0.228571 0.171429 0.171429 0.0285714
0.00565919 0.0016768 0.00244533 0.00248026 0.00227066 0.00450639 0.00153706 0.00164186 0.00164186 0.0017816 0.00181653 0.00174666 0.0017816 0.0012576 0.00122266 0.00108293 0.00244533 0.000943198 0.00223573 0.00237546 0.00143226 0.00213093 0.00101307 0.000908265 0.00111786 0.0014672 0.00143226 0.001572 0.0014672 0.00192133 0.00377279 0.0022008 0.00398239 0.0014672 0.00248026 0.0024104 0.00174666 0.00370293 0.00164186 0.00101307 0.000943198 0.00164186 0.001572 0.00118773 0.0022008 0.001048 0.00164186 0.0014672 0.0012576 0.00129253 0.00213093 0.00118773 0.00181653 0.00171173 0.00213093 0.001048 0.00202613
0.0182472 0.0113081 0.00616808 0.00102801 0.000257003 0.0131072 0.00154202 0 0 0.000257003 0.000514007 0.00077101 0 0.000257003 0 0.000257003 0.000257003 0 0.00077101 0.00488306 0.00462606 0.0231303 0.00436906 0.00308404 0.00462606 0.00282704 0.00282704 0.00282704 0.0102801 0.0131072 0.00565407 0.0077101 0.00102801 0.0102801 0.0154202 0.0105371 0.0105371 0.00822411 0 0 0.00359805 0.00359805 0 0.00257003 0.00514007 0.000257003 0.00719609 0.00334104 0.00436906 0 0.000514007 0.00334104 0.00077101 0.00128502 0.00154202 0.00282704 0.00102801
0.224359 0.0320513 0.230769 0.224359 0.224359 0.294872 0.0576923 0.0320513 0.0512821 0.0320513 0.0192308 0.224359 0.025641 0.0576923 0.0384615 0.0320513 0.108974 0.0384615 0.217949 0.288462 0.0769231 0.115385 0.0961538 0.0320513 0.0448718 0.0576923 0.0961538 0.0320513 0.0128205 0.025641 0.275641 0.205128 0.192308 0.198718 0.217949 0.217949 0.211538 0.237179 0.237179 0.192308 0.198718 0.217949 0.211538 0.237179 0.217949 0.198718 0.0961538 0.0512821 0.147436 0.025641 0.0320513 0.025641 0.0769231 0.0320513 0.0128205 0.0384615 0.0448718
0.0177305 0.0283688 0.0035461 0.996454 1 0.0531915 1 1 1 1 1 0.996454 1 0.996454 0.98227 1 1 0.996454 0.996454 0.0141844 0.0212766 0.0496454 0.0319149 0.035461 0.0248227 0.0141844 0.0460993 0.0212766 0.0248227 0.0212766 0.0531915 0 1 0.0177305 0.0460993 0.0106383 0.0212766 0.0248227 1 1 0.0141844 0.0212766 0.996454 0.0070922 0.0319149 1 0.0425532 0.0212766 0.0212766 1 0.989362 0.0035461 0.985816 0.996454 0.992908 0.0035461 1
0.0157398 0.00944386 0.0115425 0.00209864 0.00209864 0.0157398 0 0 0 0.00104932 0.00104932 0.00104932 0.00209864 0.00209864 0 0 0 0 0.00209864 0.0104932 0.00839454 0.023085 0.00734523 0.00734523 0.00629591 0.00314795 0.019937 0.00419727 0.00944386 0.0115425 0.0157398 0.00944386 0.00629591 0.019937 0.023085 0.0167891 0.0262329 0.0157398 0.00104932 0 0.0125918 0.00734523 0.00104932 0.0104932 0.0157398 0 0.00839454 0.00734523 0.0178384 0.00314795 0.00314795 0.00419727 0 0.00209864 0.00104932 0.00734523 0
0.114286 0.0285714 0.0285714 0 0 0.0285714 0 0 0 0 0 0 0 0 0 0 0 0 0.0285714 0.0285714 0 0.0285714 0.0285714 0 0 0 0 0 0 0 0.0571429 0.0285714 0.0285714 0.0285714 0.0285714 0 0 0 0 0 0 0 0 0.0285714 0 0 0 0.0285714 0.0285714 0 0 0.0285714 0 0 0 0.0285714 0
0.0065445 0.0458115 0.0078534 1 0.997382 0.0209424 1 0.998691 1 0.994764 1 0.997382 1 1 0.994764 1 1 1 0.996073 0.0091623 0.0458115 0.0824607 0.0026178 0.0353403 0.0405759 0.0314136 0.0484293 0.0366492 0.0484293 0.0418848 0.0196335 0.0117801 1 0.0183246 0.0301047 0.0287958 0.0274869 0.0314136 1 0.997382 0.0183246 0.0104712 0.996073 0.0157068 0.0183246 0.996073 0.0353403 0.0196335 0.0170157 1 0.997382 0.0091623 1 0.994764 1 0.0104712 0.992147
0.00345284 0.00103585 0.00247454 0.00402831 0.00287737 0.0031651 0.00149623 0.000748115 0.00149623 0.00120849 0.00178397 0.00172642 0.000633021 0.00086321 0.000517926 0.00132359 0.0021868 0.000115095 0.0021868 0.00258963 0.00086321 0.000978305 0.000748115 0.00120849 0.00172642 0.000920757 0.000633021 0.000920757 0.00132359 0.00132359 0.00868965 0.00604247 0.00586983 0.0010934 0.00166887 0.00155378 0.00224435 0.00120849 0.00126604 0.000805663 0.000805663 0.00166887 0.000978305 0.000920757 0.00103585 0.000805663 0.00138114 0.0010934 0.00195661 0.00184151 0.00195661 0.00126604 0.00132359 0.00201416 0.0020717 0.00103585 0.00189906
0.357143 0 0.464286 0.357143 0.392857 0.714286 0.321429 0.392857 0.214286 0.357143 0.107143 0.214286 0.357143 0.392857 0.142857 0.321429 0.214286 0.464286 0.142857 0.0357143 0.392857 0.428571 0.107143 0.178571 0.357143 0.142857 0.321429 0.178571 0.285714 0.178571 0.428571 0.214286 0.25 0.0357143 0.285714 0.0357143 0.0357143 0.0357143 0.0357143 0.0714286 0.0357143 0.0357143 0.0357143 0.571429 0.0714286 0.0714286 0.392857 0.107143 0.357143 0.392857 0.285714 0.142857 0.214286 0 0.357143 0.321429 0.321429
0.0452261 0 0.00502513 0.00502513 0 0.0251256 0 0 0 0 0 0 0 0 0 0 0 0 0.0100503 0.0251256 0.00502513 0.0653266 0.0100503 0.0150754 0.0301508 0 0 0.0100503 0.0201005 0.0351759 0.00502513 0.0100503 0.0452261 0.0452261 0.0301508 0.0150754 0.0201005 0.0251256 0 0 0.0150754 0 0 0.0100503 0.00502513 0.00502513 0.0100503 0.0150754 0.0201005 0 0.0301508 0.0100503 0 0 0.00502513 0.0150754 0
0.0298507 0.0447761 0.0149254 0.0149254 0.0447761 0.104478 0.0298507 0.0895522 0.746269 0.179104 0.0149254 0.119403 0.253731 0.0298507 0.0298507 0.0895522 0.0597015 0.0746269 0.0149254 0.0149254 0.149254 0.0746269 0.0298507 0.0447761 0.0149254 0.0746269 0.19403 0.253731 0.776119 0.134328 0.0895522 0.0149254 0.298507 0.0298507 0.0149254 0.0149254 0.0149254 0.0149254 0.0298507 0.134328 0.0149254 0.0149254 0.0149254 0.0149254 0.0149254 0.0149254 0.0298507 0.0447761 0.0149254 0 0 0 0 0.0149254 0 0 0
0.0294118 0.0196078 0 0 0 0.0490196 0 0 0 0.00980392 0 0.00980392 0 0 0 0 0 0 0 0 0.0196078 0.0392157 0.00980392 0 0.00980392 0.0196078 0 0 0.0392157 0.0294118 0.0392157 0 0 0.0196078 0.0294118 0 0 0 0 0.00980392 0 0.00980392 0.00980392 0 0 0.00980392 0 0.0392157 0.00980392 0 0 0.00980392 0 0 0 0.00980392 0
0.0229095 0.0143184 0.0103093 0.979381 0.978236 0.034937 0.961627 0.959336 0.96449 0.942726 0.969072 0.973654 0.963918 0.962772 0.943299 0.955899 0.957045 0.945017 0.972509 0.0160367 0.0200458 0.0229095 0.0103093 0.0171821 0.0211913 0.0177549 0.013173 0.0206186 0.0257732 0.0286369 0.0246277 0.0103093 0.971363 0.0143184 0.0160367 0.00744559 0.0137457 0.00687285 0.989118 0.981672 0.00229095 0.00400916 0.9874 0.00630011 0.00973654 0.9811 0.0246277 0.0160367 0.0160367 0.967354 0.96449 0.00630011 0.969072 0.965063 0.970218 0.00687285 0.959336
0.0285576 0.00484027 0.0145208 0.00242014 0 0.0304937 0.000484027 0.000484027 0.000484027 0 0.000968054 0.000968054 0.000968054 0.000484027 0 0.000484027 0.000968054 0 0.000484027 0.0193611 0.00580833 0.0232333 0.00871249 0.00726041 0.0116167 0.00290416 0.00580833 0.00484027 0.00629235 0.00968054 0.0135528 0.00387222 0.00193611 0.0135528 0.0145208 0.00822846 0.0246854 0.0053243 0.000484027 0 0.00580833 0.00290416 0.000968054 0.00677638 0.00677638 0 0.017425 0.0130687 0.018393 0.00193611 0.00145208 0.00290416 0.000968054 0.00242014 0.00338819 0.0053243 0.00193611
0.0232335 0.00681644 0.00988863 0.0016321 0.00144009 0.0207373 0.00182412 0.00124808 0.0015361 0.00182412 0.00172811 0.00182412 0.00182412 0.000960061 0.000576037 0.0015361 0.00192012 0.00134409 0.00192012 0.00729647 0.00460829 0.0224654 0.00528034 0.00547235 0.00508833 0.00326421 0.00710445 0.00355223 0.00998464 0.0104647 0.00566436 0.00547235 0.00326421 0.0102727 0.0104647 0.0078725 0.0144009 0.00700845 0.000672043 0.00115207 0.00384025 0.00451229 0.000672043 0.00364823 0.00547235 0.000480031 0.00691244 0.00422427 0.00422427 0.000768049 0.0015361 0.00288018 0.000480031 0.00144009 0.0016321 0.00355223 0.000768049
0.0158182 0.00928561 0.00895898 0.000979889 0.00130652 0.0156782 0.000559937 0.0012132 0.000839905 0.00130652 0.00107321 0.00163315 0.00130652 0.000793243 0.000466614 0.00130652 0.00186646 0.00107321 0.00125986 0.0106388 0.00620596 0.0221642 0.0076058 0.00559937 0.00648593 0.00405954 0.00723251 0.00527274 0.0108721 0.0130185 0.0112454 0.00727918 0.00354626 0.0138118 0.0156316 0.0127852 0.0152116 0.00947226 0.00032663 0.000419952 0.0076058 0.00620596 0.000793243 0.00429285 0.00783911 0.000233307 0.00947226 0.00849237 0.0103122 0.000373291 0.00102655 0.00396622 0.00032663 0.00107321 0.00200644 0.00620596 0.000886566
0.0104294 0.00388548 0.00736196 0.0605317 0.0550102 0.0112474 0.0525562 0.0517382 0.0566462 0.0523517 0.0537832 0.0527607 0.0521472 0.0531697 0.0492843 0.0543967 0.0562372 0.0513292 0.0505112 0.0106339 0.00224949 0.00327198 0.00449898 0.00327198 0.00470348 0.00163599 0.00347648 0.00572597 0.00388548 0.00490798 0.0474438 0.0302658 0.0832311 0.00695297 0.00879346 0.00511247 0.00940695 0.00736196 0.0539877 0.0525562 0.00306748 0.00286299 0.0527607 0.00265849 0.00429448 0.0527607 0.00695297 0.00654397 0.00715746 0.0511247 0.0505112 0.00429448 0.0517382 0.0527607 0.0509202 0.00306748 0.0492843
0.00729054 0.00172024 0.00643861 0.00842918 0.00674989 0.00943674 0.00186769 0.00154822 0.00209705 0.00168747 0.00226908 0.00326026 0.00168747 0.00159737 0.00142534 0.00190865 0.00252302 0.00144172 0.0029326 0.00789672 0.00132704 0.0017612 0.00163013 0.0014663 0.00147449 0.00134343 0.00140077 0.00160556 0.00208886 0.00163013 0.018767 0.0119106 0.0122956 0.00295717 0.0031292 0.00240834 0.00290802 0.00186769 0.0024411 0.00192503 0.00172843 0.00182673 0.0025394 0.00199875 0.0020479 0.00169566 0.00207248 0.00203971 0.00264589 0.00144992 0.00203152 0.00155641 0.00172024 0.00235099 0.00212163 0.00110587 0.00169566
0.00232707 0.00111182 0.00211375 0.00217193 0.00217193 0.00391723 0.00115061 0.00109889 0.00153845 0.00140917 0.00137685 0.0020879 0.00120878 0.00157724 0.00175177 0.00155784 0.00202326 0.0009179 0.00287005 0.00199094 0.00146088 0.00151906 0.00109889 0.00153845 0.00152552 0.000756298 0.00104072 0.000866187 0.00137039 0.00129282 0.00292177 0.0016742 0.00222364 0.00124757 0.00151906 0.0014221 0.00170652 0.00121525 0.0014932 0.00116353 0.000795082 0.00137685 0.00141563 0.00132514 0.00164188 0.000982541 0.00195215 0.00200387 0.00257917 0.00182934 0.00223011 0.00145442 0.00148027 0.00239171 0.00203619 0.00147381 0.00184226
0.00279687 0.00115732 0.00303797 0.0024352 0.00255576 0.00342375 0.00118143 0.00137432 0.00159132 0.00135021 0.00144665 0.00284509 0.00135021 0.0024352 0.00178421 0.00156721 0.00156721 0.000988547 0.00296564 0.00185654 0.0013261 0.00212176 0.00188065 0.00122966 0.0011091 0.00125377 0.00106088 0.000940325 0.00139843 0.00180832 0.00385775 0.00282098 0.0050874 0.00171187 0.00190476 0.00195298 0.00219409 0.00200121 0.00183243 0.00185654 0.00163954 0.00173599 0.00188065 0.00144665 0.00166365 0.00161543 0.00253165 0.00216998 0.00248342 0.0013261 0.00368897 0.00120555 0.00147077 0.00212176 0.00190476 0.00197709 0.00188065
0.0174572 0.0115283 0.00592885 0.000988142 0.000658762 0.0158103 0.000988142 0.000988142 0.000988142 0.000988142 0.00197628 0.00230567 0.00131752 0.00131752 0.000329381 0.0016469 0.000988142 0.000988142 0.0016469 0.00625823 0.00625823 0.0299736 0.00658762 0.00922266 0.00625823 0.00263505 0.00527009 0.00625823 0.0111989 0.0128458 0.0085639 0.0085639 0.00395257 0.0111989 0.0158103 0.00922266 0.0204216 0.0128458 0.000329381 0.000329381 0.00790514 0.00889328 0.000329381 0.00329381 0.00625823 0 0.0105402 0.00527009 0.00823452 0.000988142 0.000329381 0.00395257 0 0.000658762 0.0016469 0.00527009 0.000988142
0.00229825 0.00181944 0.0016758 0.00289675 0.00169974 0.00327979 0.00222643 0.000933662 0.00160398 0.00154413 0.00134064 0.00336358 0.00149625 0.000897752 0.00159201 0.00174762 0.00257356 0.00113715 0.00338752 0.00163989 0.0022384 0.00214263 0.00228628 0.000801992 0.000562591 0.00128079 0.000897752 0.000981542 0.00108927 0.0014364 0.00482392 0.00312418 0.00436906 0.0015561 0.00305236 0.00110124 0.00333964 0.00193914 0.00116109 0.000873812 0.00100548 0.00245386 0.00293266 0.000993512 0.00272917 0.00268129 0.00252568 0.00209475 0.00216657 0.000993512 0.00258553 0.00150822 0.00172368 0.00140049 0.00136458 0.000658351 0.00135261
0.510204 0.469388 0.428571 0.428571 0.428571 0.469388 0.530612 0.285714 0.326531 0.44898 0.367347 0.469388 0.408163 0.306122 0.22449 0.408163 0.44898 0.346939 0.387755 0.469388 0.346939 0.346939 0.408163 0.428571 0.408163 0.489796 0.408163 0.367347 0.387755 0.346939 0.408163 0.510204 0.387755 0.326531 0.387755 0.408163 0.428571 0.428571 0.367347 0.44898 0.306122 0.428571 0.408163 0.428571 0.428571 0.44898 0.285714 0.326531 0.428571 0.326531 0.306122 0.367347 0.387755 0.44898 0.408163 0.387755 0.306122
0.00245137 0.00317103 0.00213651 0.0240864 0.023839 0.00362083 0.0230293 0.022602 0.0229619 0.0228045 0.0231868 0.0237715 0.022647 0.0225121 0.022602 0.0228944 0.0229169 0.0220848 0.0230743 0.0015068 0.00254132 0.00434049 0.00123693 0.00251884 0.00227145 0.00251884 0.0028112 0.00231643 0.00344091 0.00299112 0.00760148 0.00557742 0.0260205 0.00213651 0.0019566 0.00188913 0.00213651 0.00164174 0.0230518 0.0231193 0.00112448 0.00143933 0.0231193 0.00112448 0.00155178 0.0225121 0.00260879 0.00166423 0.00206904 0.0228944 0.022692 0.00114697 0.0228045 0.0229619 0.0233667 0.00125942 0.022737
0.00397732 0.00189001 0.0034477 0.0041227 0.0037904 0.00440309 0.00193154 0.00183808 0.00237808 0.00218078 0.00210808 0.00327116 0.00194193 0.00195231 0.00165116 0.0019627 0.00244039 0.00191078 0.00299078 0.00359309 0.00184847 0.00197308 0.00187962 0.00202501 0.0015577 0.00172385 0.00205616 0.00193154 0.00228462 0.00208731 0.00753925 0.00570117 0.00574271 0.00231578 0.00265847 0.00265847 0.00253385 0.00219116 0.00203539 0.00198347 0.00143308 0.0018277 0.0025027 0.00170308 0.00202501 0.00191078 0.00232616 0.00210808 0.00217039 0.00234693 0.00235731 0.00171347 0.00194193 0.00240924 0.00270001 0.00172385 0.00184847
0.0322581 0.135081 0.0282258 1 1 0.104839 1 1 1 0.997984 1 0.997984 0.993952 1 0.993952 1 0.997984 0.995968 0.995968 0.0221774 0.139113 0.165323 0.0100806 0.15121 0.167339 0.102823 0.159274 0.147177 0.16129 0.155242 0.100806 0.0221774 1 0.0342742 0.0403226 0.0221774 0.0342742 0.0241935 0.993952 0.993952 0.0100806 0.0181452 0.997984 0.0221774 0.0141129 1 0.108871 0.0685484 0.122984 1 1 0.0342742 1 0.991935 0.995968 0.046371 0.997984
0.0149483 0.00728248 0.00766577 0 0.000383289 0.0164814 0.000383289 0.000383289 0.000766577 0.000383289 0.00114987 0.000383289 0.000383289 0.000383289 0.000766577 0 0.00191644 0 0.000383289 0.00574933 0.0034496 0.0134151 0.00613262 0.0034496 0.00613262 0.0034496 0.00574933 0.00153315 0.0122652 0.0099655 0.00728248 0.00498275 0.000383289 0.00728248 0.0180146 0.0099655 0.0218475 0.0107321 0.000766577 0 0.00919893 0.00268302 0 0.00383289 0.00498275 0.000766577 0.0130318 0.00383289 0.0034496 0 0.000383289 0.00383289 0.00114987 0.00153315 0.00114987 0.00114987 0.000383289
0.00196328 0.00095511 0.00228165 0.0024939 0.00132654 0.0031837 0.00111429 0.00100817 0.00159185 0.00122042 0.00185716 0.00153879 0.00148573 0.00132654 0.00127348 0.00185716 0.00238777 0.000212247 0.00244084 0.00191022 0.000477555 0.00143266 0.000689802 0.000795925 0.000795925 0.000689802 0.00164491 0.00095511 0.000848987 0.00153879 0.0226573 0.0155471 0.0263186 0.00175103 0.00153879 0.000795925 0.00196328 0.000477555 0.000902048 0.00106123 0.000795925 0.000742863 0.00095511 0.000689802 0.0013796 0.000477555 0.00122042 0.00095511 0.0013796 0.000795925 0.00451024 0.00095511 0.000583678 0.00191022 0.00095511 0.000902048 0.00132654
0.0172414 0.0301724 0.012931 0.989224 0.989224 0.107759 0.980603 0.991379 0.99569 0.99569 0.989224 0.982759 0.989224 0.989224 0.969828 0.993534 0.989224 0.989224 0.965517 0.0150862 0.0237069 0.0258621 0.00215517 0.0172414 0.0215517 0.0172414 0.0193966 0.0280172 0.0431034 0.0258621 0.0969828 0.0215517 0.991379 0.0150862 0.0323276 0.0150862 0.0193966 0.00215517 0.989224 0.989224 0.00646552 0.00215517 0.989224 0.00646552 0.00862069 0.984914 0.0732759 0.0603448 0.0711207 0.987069 0.984914 0.00646552 0.984914 0.989224 0.987069 0.0280172 0.984914
0.00891315 0.00407656 0.00815311 0.0105023 0.00808402 0.00898224 0.00621848 0.00635666 0.00525116 0.00552753 0.00573482 0.00746217 0.00614938 0.00393837 0.00393837 0.00642576 0.00822221 0.00490569 0.0059421 0.00801492 0.00545844 0.00580391 0.00552753 0.005873 0.00504387 0.00614938 0.00511297 0.00552753 0.00621848 0.00393837 0.0134734 0.0131279 0.0120915 0.00621848 0.00490569 0.0059421 0.00649485 0.00635666 0.00552753 0.00518206 0.00366199 0.00490569 0.005873 0.00518206 0.005873 0.00449112 0.00614938 0.00614938 0.00760036 0.00552753 0.005873 0.00490569 0.00725489 0.00753127 0.0059421 0.00511297 0.00566572
0.024421 0.00862487 0.012695 0.00164745 0.0011629 0.0208354 0.00290726 0.00319798 0.00290726 0.00290726 0.00310108 0.00368253 0.00300417 0.00281035 0.00290726 0.00319798 0.00319798 0.00290726 0.00358562 0.0106599 0.00668669 0.0141487 0.00843105 0.00775269 0.0100785 0.00542688 0.00668669 0.00610524 0.00881868 0.0129858 0.00610524 0.0056207 0.00377944 0.0118229 0.0153116 0.0118229 0.0125981 0.00765578 0.000387634 0.000581452 0.00542688 0.00290726 0.000581452 0.00290726 0.00629906 0.000872178 0.00610524 0.00426398 0.00426398 0.00106599 0.000387634 0.00552379 0.000387634 0.00290726 0.00300417 0.00319798 0.00184126
0.820225 0.539326 0.426966 0.47191 0.741573 0.696629 0.606742 0.370787 0.449438 0.41573 0.235955 0.348315 0.573034 0.505618 0.0786517 0.224719 0.730337 0.494382 0.438202 0.550562 0.460674 0.483146 0.0898876 0.157303 0.235955 0.404494 0.438202 0.629213 0.449438 0.269663 0.730337 0.898876 0.573034 0.382022 0.224719 0.325843 0.202247 0.573034 0.235955 0.494382 0.224719 0.426966 0.179775 0.202247 0.224719 0.280899 0.662921 0.707865 0.662921 0.11236 0.629213 0.235955 0.292135 0.438202 0.404494 0.426966 0.370787
0.0100334 0.0140468 0.00535117 0.00267559 0.000668896 0.0113712 0.000668896 0 0 0.000668896 0.000668896 0.000668896 0.000668896 0 0.000668896 0 0 0 0.00200669 0.0100334 0.00735786 0.0187291 0.00602007 0.00334448 0.00468227 0.00133779 0.00936455 0.00602007 0.00936455 0.012709 0.012709 0.00869565 0.000668896 0.019398 0.0240803 0.019398 0.0173913 0.0113712 0 0.00133779 0.0113712 0.00735786 0.00133779 0.0133779 0.00869565 0.000668896 0.0107023 0.00602007 0.0107023 0 0 0.00535117 0.000668896 0.00267559 0.00133779 0.00535117 0.000668896
0.016012 0.00850638 0.00725544 0.000375281 0.000625469 0.0151364 0.000625469 0.000750563 0.00162622 0.000875657 0.000500375 0.00137603 0.000500375 0.00125094 0.000500375 0.000750563 0.000750563 0.000375281 0.00225169 0.0117588 0.00700525 0.0171379 0.00988241 0.00900676 0.0111334 0.00350263 0.00700525 0.00437828 0.0127596 0.0122592 0.00975732 0.00713035 0.00162622 0.012009 0.0188892 0.0145109 0.0175131 0.0101326 0.000375281 0.00125094 0.00750563 0.00650488 0.000500375 0.00512885 0.00713035 0.000250188 0.00838129 0.00775582 0.0105079 0.00175131 0.00125094 0.00650488 0.00100075 0.000750563 0.00150113 0.0061296 0.00112584
